Date,Student Loan A,Student Loan A,Student Loan A,Student Loan A,Student Loan A,Parent Loan B,gdfs,345,345,Total Payment,Total Balance
2025-05-16,150.0,150.0,150.0,150.0,150.0,24.0,780.0,690.0,690.0,2934.0,395012.0
2025-06-15,150.0,150.0,150.0,150.0,150.0,24.0,780.0,0,0,1554.0,492425.35
2025-07-15,150.0,150.0,150.0,150.0,150.0,24.0,780.0,0,0,1554.0,617543.77
2025-08-14,150.0,150.0,150.0,150.0,150.0,24.0,780.0,0,0,1554.0,778223.48
2025-09-13,150.0,150.0,150.0,150.0,150.0,24.0,780.0,0,0,1554.0,984548.53
2025-10-13,150.0,150.0,150.0,150.0,150.0,24.0,780.0,0,0,1554.0,1249462.4
2025-11-12,150.0,150.0,150.0,150.0,150.0,24.0,780.0,0,0,1554.0,1589578.81
2025-12-12,150.0,150.0,150.0,150.0,150.0,24.0,780.0,0,0,1554.0,2026222.37
2026-01-11,150.0,150.0,150.0,150.0,150.0,24.0,780.0,0,0,1554.0,2586764.62
2026-02-10,150.0,150.0,150.0,150.0,150.0,24.0,780.0,0,0,1554.0,3306338.61
2026-03-12,150.0,150.0,150.0,150.0,150.0,24.0,780.0,0,0,1554.0,4230039.71
2026-04-11,150.0,150.0,150.0,150.0,150.0,24.0,780.0,0,0,1554.0,5415750.5
2026-05-11,150.0,150.0,150.0,150.0,150.0,24.0,780.0,0,0,1554.0,6937767.03
2026-06-10,150.0,150.0,150.0,150.0,150.0,24.0,780.0,0,0,1554.0,8891452.58
2026-07-10,150.0,150.0,150.0,150.0,150.0,24.0,780.0,0,0,1554.0,11399211.8
2026-08-09,150.0,150.0,150.0,150.0,150.0,24.0,780.0,0,0,1554.0,14618158.79
2026-09-08,150.0,150.0,150.0,150.0,150.0,24.0,780.0,0,0,1554.0,18749958.91
2026-10-08,150.0,150.0,150.0,150.0,150.0,24.0,780.0,0,0,1554.0,24053462.16
2026-11-07,150.0,150.0,150.0,150.0,150.0,24.0,780.0,0,0,1554.0,30860918.44
2026-12-07,150.0,150.0,150.0,150.0,150.0,24.0,780.0,0,0,1554.0,39598790.81
2027-01-06,150.0,150.0,150.0,150.0,150.0,24.0,780.0,0,0,1554.0,50814470.99
2027-02-05,150.0,150.0,150.0,150.0,150.0,24.0,780.0,0,0,1554.0,65210569.94
2027-03-07,150.0,150.0,150.0,150.0,150.0,24.0,780.0,0,0,1554.0,83688931.98
2027-04-06,150.0,150.0,150.0,150.0,150.0,24.0,780.0,0,0,1554.0,107407130.07
2027-05-06,150.0,150.0,150.0,150.0,150.0,24.0,780.0,0,0,1554.0,137850980.16
2027-06-05,150.0,150.0,150.0,150.0,150.0,24.0,780.0,0,0,1554.0,176927618.7
2027-07-05,150.0,150.0,150.0,150.0,150.0,24.0,780.0,0,0,1554.0,227084972.68
2027-08-04,150.0,150.0,150.0,150.0,150.0,24.0,780.0,0,0,1554.0,291465107.39
2027-09-03,150.0,150.0,150.0,150.0,150.0,24.0,780.0,0,0,1554.0,374101057.25
2027-10-03,150.0,150.0,150.0,150.0,150.0,24.0,780.0,0,0,1554.0,480169470.44
2027-11-02,150.0,150.0,150.0,150.0,150.0,24.0,780.0,0,0,1554.0,616314893.87
2027-12-02,150.0,150.0,150.0,150.0,150.0,24.0,780.0,0,0,1554.0,791066013.11
2028-01-01,150.0,150.0,150.0,150.0,150.0,24.0,780.0,0,0,1554.0,1015369921.76
2028-01-31,150.0,150.0,150.0,150.0,150.0,24.0,780.0,0,0,1554.0,1303277889.09
2028-03-01,150.0,150.0,150.0,150.0,150.0,24.0,780.0,0,0,1554.0,1672825585.42
2028-03-31,150.0,150.0,150.0,150.0,150.0,24.0,780.0,0,0,1554.0,2147162905.29
2028-04-30,150.0,150.0,150.0,150.0,150.0,24.0,780.0,0,0,1554.0,2756004165.29
2028-05-30,150.0,150.0,150.0,150.0,150.0,24.0,780.0,0,0,1554.0,3537489522.27
2028-06-29,150.0,150.0,150.0,150.0,150.0,24.0,780.0,0,0,1554.0,4540574218.67
2028-07-29,150.0,150.0,150.0,150.0,150.0,24.0,780.0,0,0,1554.0,5828095325.73
2028-08-28,150.0,150.0,150.0,150.0,150.0,24.0,780.0,0,0,1554.0,7480708098.02
2028-09-27,150.0,150.0,150.0,150.0,150.0,24.0,780.0,0,0,1554.0,9601938526.32
2028-10-27,150.0,150.0,150.0,150.0,150.0,24.0,780.0,0,0,1554.0,12324668601.43
2028-11-26,150.0,150.0,150.0,150.0,150.0,24.0,780.0,0,0,1554.0,15819460550.01
2028-12-26,150.0,150.0,150.0,150.0,150.0,24.0,780.0,0,0,1554.0,20305241503.7
2029-01-25,150.0,150.0,150.0,150.0,150.0,24.0,780.0,0,0,1554.0,26063017931.35
2029-02-24,150.0,150.0,150.0,150.0,150.0,24.0,780.0,0,0,1554.0,33453478958.12
2029-03-26,150.0,150.0,150.0,150.0,150.0,24.0,780.0,0,0,1554.0,42939591310.02
2029-04-25,150.0,150.0,150.0,150.0,150.0,24.0,780.0,0,0,1554.0,55115601318.8
2029-05-25,150.0,150.0,150.0,150.0,150.0,24.0,780.0,0,0,1554.0,70744260782.92
2029-06-24,150.0,150.0,150.0,150.0,150.0,24.0,780.0,0,0,1554.0,90804608654.25
2029-07-24,150.0,150.0,150.0,150.0,150.0,24.0,780.0,0,0,1554.0,116553301779.06
2029-08-23,150.0,150.0,150.0,150.0,150.0,24.0,780.0,0,0,1554.0,149603336684.62
2029-09-22,150.0,150.0,150.0,150.0,150.0,24.0,780.0,0,0,1554.0,192025093844.76
2029-10-22,150.0,150.0,150.0,150.0,150.0,24.0,780.0,0,0,1554.0,246476034223.61
2029-11-21,150.0,150.0,150.0,150.0,150.0,24.0,780.0,0,0,1554.0,316367172784.38
2029-12-21,150.0,150.0,150.0,150.0,150.0,24.0,780.0,0,0,1554.0,406076757500.32
2030-01-20,150.0,150.0,150.0,150.0,150.0,24.0,780.0,0,0,1554.0,521224539536.7
2030-02-19,150.0,150.0,150.0,150.0,150.0,24.0,780.0,0,0,1554.0,669023815937.15
2030-03-21,150.0,150.0,150.0,150.0,150.0,24.0,780.0,0,0,1554.0,858733298111.88
2030-04-20,150.0,150.0,150.0,150.0,150.0,24.0,780.0,0,0,1554.0,1102237112898.42
2030-05-20,150.0,150.0,150.0,150.0,150.0,24.0,780.0,0,0,1554.0,1414789269675.4
2030-06-19,150.0,150.0,150.0,150.0,150.0,24.0,780.0,0,0,1554.0,1815969229795.64
2030-07-19,150.0,150.0,150.0,150.0,150.0,24.0,780.0,0,0,1554.0,2330908438858.5
2030-08-18,150.0,150.0,150.0,150.0,150.0,24.0,780.0,0,0,1554.0,2991864656488.87
2030-09-17,150.0,150.0,150.0,150.0,150.0,24.0,780.0,0,0,1554.0,3840242705657.03
2030-10-17,150.0,150.0,150.0,150.0,150.0,24.0,780.0,0,0,1554.0,4929188228997.17
2030-11-16,150.0,150.0,150.0,150.0,150.0,24.0,780.0,0,0,1554.0,6326916934931.16
2030-12-16,150.0,150.0,150.0,150.0,150.0,24.0,780.0,0,0,1554.0,8120987890295.87
2031-01-15,150.0,150.0,150.0,150.0,150.0,24.0,780.0,0,0,1554.0,10423788554852.88
2031-02-14,150.0,150.0,150.0,150.0,150.0,24.0,780.0,0,0,1554.0,13379575161199.71
2031-03-16,150.0,150.0,150.0,150.0,150.0,24.0,780.0,0,0,1554.0,17173509476382.53
2031-04-15,150.0,150.0,150.0,150.0,150.0,24.0,780.0,0,0,1554.0,22043258042485.83
2031-05-15,150.0,150.0,150.0,150.0,150.0,24.0,780.0,0,0,1554.0,28293880516952.17
2031-06-14,150.0,150.0,150.0,150.0,150.0,24.0,780.0,0,0,1554.0,36316939775155.59
2031-07-14,150.0,150.0,150.0,150.0,150.0,24.0,780.0,0,0,1554.0,46615030905076.02
2031-08-13,150.0,150.0,150.0,150.0,150.0,24.0,780.0,0,0,1554.0,59833265684023.84
2031-09-12,150.0,150.0,150.0,150.0,150.0,24.0,780.0,0,0,1554.0,76799684845340.75
2031-10-12,150.0,150.0,150.0,150.0,150.0,24.0,780.0,0,0,1554.0,98577129713877.3
2031-11-11,150.0,150.0,150.0,150.0,150.0,24.0,780.0,0,0,1554.0,126529822647694.03
2031-12-11,150.0,150.0,150.0,150.0,150.0,24.0,780.0,0,0,1554.0,162408827139260.2
2032-01-10,150.0,150.0,150.0,150.0,150.0,24.0,780.0,0,0,1554.0,208461741123429.03
2032-02-09,150.0,150.0,150.0,150.0,150.0,24.0,780.0,0,0,1554.0,267573495100142.03
2032-03-10,150.0,150.0,150.0,150.0,150.0,24.0,780.0,0,0,1554.0,343447075204254.5
2032-04-09,150.0,150.0,150.0,150.0,150.0,24.0,780.0,0,0,1554.0,440835492406121.1
2032-05-09,150.0,150.0,150.0,150.0,150.0,24.0,780.0,0,0,1554.0,565839529280018.2
2032-06-08,150.0,150.0,150.0,150.0,150.0,24.0,780.0,0,0,1554.0,726289916335667.0
2032-07-08,150.0,150.0,150.0,150.0,150.0,24.0,780.0,0,0,1554.0,932237878898557.5
2032-08-07,150.0,150.0,150.0,150.0,150.0,24.0,780.0,0,0,1554.0,1196584784270037.0
2032-09-06,150.0,150.0,150.0,150.0,150.0,24.0,780.0,0,0,1554.0,1535890332671149.8
2032-10-06,150.0,150.0,150.0,150.0,150.0,24.0,780.0,0,0,1554.0,1971409920139042.2
2032-11-05,150.0,150.0,150.0,150.0,150.0,24.0,780.0,0,0,1554.0,2530426157751530.5
2032-12-05,150.0,150.0,150.0,150.0,150.0,24.0,780.0,0,0,1554.0,3247957958631783.0
2033-01-04,150.0,150.0,150.0,150.0,150.0,24.0,780.0,0,0,1554.0,4168954256473509.5
2033-02-03,150.0,150.0,150.0,150.0,150.0,24.0,780.0,0,0,1554.0,5351109778497263.0
2033-03-05,150.0,150.0,150.0,150.0,150.0,24.0,780.0,0,0,1554.0,6868479263615062.0
2033-04-04,0,0,0,0,0,24.0,780.0,0,0,804.0,8816116534238870.0
2033-05-04,0,0,0,0,0,24.0,780.0,0,0,804.0,1.1316029030915494e+16
2033-06-03,0,0,0,0,0,24.0,780.0,0,0,804.0,1.4524820824594118e+16
2033-07-03,0,0,0,0,0,24.0,780.0,0,0,804.0,1.864350289401363e+16
2033-08-02,0,0,0,0,0,24.0,780.0,0,0,804.0,2.3930085221473124e+16
2033-09-01,0,0,0,0,0,24.0,780.0,0,0,804.0,3.0715739523978416e+16
2033-10-01,0,0,0,0,0,24.0,780.0,0,0,804.0,3.942554511500135e+16
2033-10-31,0,0,0,0,0,24.0,780.0,0,0,804.0,5.0605117496902376e+16
2033-11-30,0,0,0,0,0,24.0,780.0,0,0,804.0,6.495478780079345e+16
2033-12-30,0,0,0,0,0,24.0,780.0,0,0,804.0,8.337347420455387e+16
2034-01-29,0,0,0,0,0,24.0,780.0,0,0,804.0,1.0701499360225618e+17
2034-02-28,0,0,0,0,0,24.0,780.0,0,0,804.0,1.3736034110314133e+17
2034-03-30,0,0,0,0,0,24.0,780.0,0,0,804.0,1.7631046522413923e+17
2034-04-29,0,0,0,0,0,24.0,780.0,0,0,804.0,2.2630535056848726e+17
2034-05-29,0,0,0,0,0,24.0,780.0,0,0,804.0,2.904768677844504e+17
2034-06-28,0,0,0,0,0,24.0,780.0,0,0,804.0,3.7284496590959616e+17
2034-07-28,0,0,0,0,0,24.0,780.0,0,0,804.0,4.785694973387201e+17
2034-08-27,0,0,0,0,0,24.0,780.0,0,0,804.0,6.142734506936352e+17
2034-09-26,0,0,0,0,0,24.0,780.0,0,0,804.0,7.884578401368602e+17
2034-10-26,0,0,0,0,0,24.0,780.0,0,0,804.0,1.0120342413811075e+18
2034-11-25,0,0,0,0,0,24.0,780.0,0,0,804.0,1.299008334485023e+18
2034-12-25,0,0,0,0,0,24.0,780.0,0,0,804.0,1.6673572731677184e+18
2035-01-24,0,0,0,0,0,24.0,780.0,0,0,804.0,2.1401558424083817e+18
2035-02-23,0,0,0,0,0,24.0,780.0,0,0,804.0,2.7470219511460526e+18
2035-03-25,0,0,0,0,0,24.0,780.0,0,0,804.0,3.5259720112654996e+18
2035-04-24,0,0,0,0,0,24.0,780.0,0,0,804.0,4.525802430898267e+18
2035-05-24,0,0,0,0,0,24.0,780.0,0,0,804.0,5.809146407878954e+18
2035-06-23,0,0,0,0,0,24.0,780.0,0,0,804.0,7.456397512578819e+18
2035-07-23,0,0,0,0,0,24.0,780.0,0,0,804.0,9.57074584833741e+18
2035-08-22,0,0,0,0,0,24.0,780.0,0,0,804.0,1.2284642273824807e+19
2035-09-21,0,0,0,0,0,24.0,780.0,0,0,804.0,1.5768095630923008e+19
2035-10-21,0,0,0,0,0,24.0,780.0,0,0,804.0,2.023932274818467e+19
2035-11-20,0,0,0,0,0,24.0,780.0,0,0,804.0,2.5978418376779428e+19
2035-12-20,0,0,0,0,0,24.0,780.0,0,0,804.0,3.334490139594831e+19
2036-01-19,0,0,0,0,0,24.0,780.0,0,0,804.0,4.280023644931987e+19
2036-02-18,0,0,0,0,0,24.0,780.0,0,0,804.0,5.493674185344201e+19
2036-03-19,0,0,0,0,0,24.0,780.0,0,0,804.0,7.0514694680376844e+19
2036-04-18,0,0,0,0,0,24.0,780.0,0,0,804.0,9.050995741851102e+19
2036-05-18,0,0,0,0,0,24.0,780.0,0,0,804.0,1.1617510972759556e+20
2036-06-17,0,0,0,0,0,24.0,780.0,0,0,804.0,1.4911791481473558e+20
2036-07-17,0,0,0,0,0,24.0,780.0,0,0,804.0,1.914020358649413e+20
2036-08-16,0,0,0,0,0,24.0,780.0,0,0,804.0,2.4567631178828756e+20
2036-09-15,0,0,0,0,0,24.0,780.0,0,0,804.0,3.153406906104457e+20
2036-10-15,0,0,0,0,0,24.0,780.0,0,0,804.0,4.047592152082021e+20
2036-11-14,0,0,0,0,0,24.0,780.0,0,0,804.0,5.195334036302538e+20
2036-12-14,0,0,0,0,0,24.0,780.0,0,0,804.0,6.668531495911611e+20
2037-01-13,0,0,0,0,0,24.0,780.0,0,0,804.0,8.559471248861889e+20
2037-02-12,0,0,0,0,0,24.0,780.0,0,0,804.0,1.0986608986552862e+21
2037-03-14,0,0,0,0,0,24.0,780.0,0,0,804.0,1.4101989890958945e+21
2037-04-13,0,0,0,0,0,24.0,780.0,0,0,804.0,1.8100773325792509e+21
2037-05-13,0,0,0,0,0,24.0,780.0,0,0,804.0,2.323345836475011e+21
2037-06-12,0,0,0,0,0,24.0,780.0,0,0,804.0,2.9821576010645e+21
2037-07-12,0,0,0,0,0,24.0,780.0,0,0,804.0,3.827783112599228e+21
2037-08-11,0,0,0,0,0,24.0,780.0,0,0,804.0,4.913195584254078e+21
2037-09-10,0,0,0,0,0,24.0,780.0,0,0,804.0,6.306389400611057e+21
2037-10-10,0,0,0,0,0,24.0,780.0,0,0,804.0,8.094639545715835e+21
2037-11-09,0,0,0,0,0,24.0,780.0,0,0,804.0,1.0389968841555803e+22
2037-12-09,0,0,0,0,0,24.0,780.0,0,0,804.0,1.3336165485668202e+22
2038-01-08,0,0,0,0,0,24.0,780.0,0,0,804.0,1.7117790493248089e+22
2038-02-07,0,0,0,0,0,24.0,780.0,0,0,804.0,2.1971739304347205e+22
2038-03-09,0,0,0,0,0,24.0,780.0,0,0,804.0,2.820208181941552e+22
2038-04-08,0,0,0,0,0,24.0,780.0,0,0,804.0,3.6199110499715535e+22
2038-05-08,0,0,0,0,0,24.0,780.0,0,0,804.0,4.6463789778402e+22
2038-06-07,0,0,0,0,0,24.0,780.0,0,0,804.0,5.963913838679819e+22
2038-07-07,0,0,0,0,0,24.0,780.0,0,0,804.0,7.655051050469849e+22
2038-08-06,0,0,0,0,0,24.0,780.0,0,0,804.0,9.825729909986642e+22
2038-09-05,0,0,0,0,0,24.0,780.0,0,0,804.0,1.2611930035147238e+23
2038-10-05,0,0,0,0,0,24.0,780.0,0,0,804.0,1.6188189647853374e+23
2038-11-04,0,0,0,0,0,24.0,780.0,0,0,804.0,2.0778539315121386e+23
2038-12-04,0,0,0,0,0,24.0,780.0,0,0,804.0,2.667053607982019e+23
2039-01-03,0,0,0,0,0,24.0,780.0,0,0,804.0,3.423327713259112e+23
2039-02-02,0,0,0,0,0,24.0,780.0,0,0,804.0,4.394052147018888e+23
2039-03-04,0,0,0,0,0,24.0,780.0,0,0,804.0,5.6400367969269835e+23
2039-04-03,0,0,0,0,0,24.0,780.0,0,0,804.0,7.239334902356964e+23
2039-05-03,0,0,0,0,0,24.0,780.0,0,0,804.0,9.292132607545856e+23
2039-06-02,0,0,0,0,0,24.0,780.0,0,0,804.0,1.1927025004480091e+24
2039-07-02,0,0,0,0,0,24.0,780.0,0,0,804.0,1.5309071820818965e+24
2039-08-01,0,0,0,0,0,24.0,780.0,0,0,804.0,1.9650137391927904e+24
2039-08-31,0,0,0,0,0,24.0,780.0,0,0,804.0,2.522216265237869e+24
2039-09-30,0,0,0,0,0,24.0,780.0,0,0,804.0,3.2374200555176487e+24
2039-10-30,0,0,0,0,0,24.0,780.0,0,0,804.0,4.155428208246626e+24
2039-11-29,0,0,0,0,0,24.0,780.0,0,0,804.0,5.33374826181793e+24
2039-12-29,0,0,0,0,0,24.0,780.0,0,0,804.0,6.846194686744384e+24
2040-01-28,0,0,0,0,0,24.0,780.0,0,0,804.0,8.787512906136284e+24
2040-02-27,0,0,0,0,0,24.0,780.0,0,0,804.0,1.1279314511026984e+25
2040-03-28,0,0,0,0,0,24.0,780.0,0,0,804.0,1.4477695475112718e+25
2040-04-27,0,0,0,0,0,24.0,780.0,0,0,804.0,1.8583014602987147e+25
2040-05-27,0,0,0,0,0,24.0,780.0,0,0,804.0,2.3852444771231447e+25
2040-06-26,0,0,0,0,0,24.0,780.0,0,0,804.0,3.061608322006009e+25
2040-07-26,0,0,0,0,0,24.0,780.0,0,0,804.0,3.929763010574836e+25
2040-08-25,0,0,0,0,0,24.0,780.0,0,0,804.0,5.044093069737838e+25
2040-09-24,0,0,0,0,0,24.0,780.0,0,0,804.0,6.47440439225254e+25
2040-10-24,0,0,0,0,0,24.0,780.0,0,0,804.0,8.310297144576206e+25
2040-11-23,0,0,0,0,0,24.0,780.0,0,0,804.0,1.0666778663654664e+26
2040-12-23,0,0,0,0,0,24.0,780.0,0,0,804.0,1.369146795595126e+26
2041-01-22,0,0,0,0,0,24.0,780.0,0,0,804.0,1.7573843116063468e+26
2041-02-21,0,0,0,0,0,24.0,780.0,0,0,804.0,2.255711095856366e+26
2041-03-23,0,0,0,0,0,24.0,780.0,0,0,804.0,2.895344242215637e+26
2041-04-22,0,0,0,0,0,24.0,780.0,0,0,804.0,3.7163528150082905e+26
2041-05-22,0,0,0,0,0,24.0,780.0,0,0,804.0,4.770167928305162e+26
2041-06-21,0,0,0,0,0,24.0,780.0,0,0,804.0,6.1228045874273106e+26
2041-07-21,0,0,0,0,0,24.0,780.0,0,0,804.0,7.858997121122452e+26
2041-08-20,0,0,0,0,0,24.0,780.0,0,0,804.0,1.0087507263687312e+27
2041-09-19,0,0,0,0,0,24.0,780.0,0,0,804.0,1.2947937405582205e+27
2041-10-19,0,0,0,0,0,24.0,780.0,0,0,804.0,1.6619475820589762e+27
2041-11-18,0,0,0,0,0,24.0,780.0,0,0,804.0,2.1332121703962474e+27
2041-12-18,0,0,0,0,0,24.0,780.0,0,0,804.0,2.7381093200839506e+27
2042-01-17,0,0,0,0,0,24.0,780.0,0,0,804.0,3.5145320998885775e+27
2042-02-16,0,0,0,0,0,24.0,780.0,0,0,804.0,4.5111185994460237e+27
2042-03-18,0,0,0,0,0,24.0,780.0,0,0,804.0,5.790298805042362e+27
2042-04-17,0,0,0,0,0,24.0,780.0,0,0,804.0,7.43220545249958e+27
2042-05-17,0,0,0,0,0,24.0,780.0,0,0,804.0,9.539693847934393e+27
2042-06-16,0,0,0,0,0,24.0,780.0,0,0,804.0,1.2244785117143186e+28
2042-07-16,0,0,0,0,0,24.0,780.0,0,0,804.0,1.57169365133742e+28
2042-08-15,0,0,0,0,0,24.0,780.0,0,0,804.0,2.017365686716661e+28
2042-09-14,0,0,0,0,0,24.0,780.0,0,0,804.0,2.5894132170596044e+28
2042-10-14,0,0,0,0,0,24.0,780.0,0,0,804.0,3.3236714854586976e+28
2042-11-13,0,0,0,0,0,24.0,780.0,0,0,804.0,4.266137235444931e+28
2042-12-13,0,0,0,0,0,24.0,780.0,0,0,804.0,5.475850122756028e+28
2043-01-12,0,0,0,0,0,24.0,780.0,0,0,804.0,7.02859118496219e+28
2043-02-11,0,0,0,0,0,24.0,780.0,0,0,804.0,9.021630055218593e+28
2043-03-13,0,0,0,0,0,24.0,780.0,0,0,804.0,1.157981830375318e+29
2043-04-12,0,0,0,0,0,24.0,780.0,0,0,804.0,1.4863410617283192e+29
2043-05-12,0,0,0,0,0,24.0,780.0,0,0,804.0,1.907810376492377e+29
2043-06-11,0,0,0,0,0,24.0,780.0,0,0,804.0,2.4487922229772015e+29
2043-07-11,0,0,0,0,0,24.0,780.0,0,0,804.0,3.14317577113649e+29
2043-08-10,0,0,0,0,0,24.0,780.0,0,0,804.0,4.0344598596642344e+29
2043-09-09,0,0,0,0,0,24.0,780.0,0,0,804.0,5.178477929459435e+29
2043-10-09,0,0,0,0,0,24.0,780.0,0,0,804.0,6.646895643703411e+29
2043-11-08,0,0,0,0,0,24.0,780.0,0,0,804.0,8.531700298835748e+29
2043-12-08,0,0,0,0,0,24.0,780.0,0,0,804.0,1.0950963260286433e+30
2044-01-07,0,0,0,0,0,24.0,780.0,0,0,804.0,1.4056236403956694e+30
2044-02-06,0,0,0,0,0,24.0,780.0,0,0,804.0,1.804204590480469e+30
2044-03-07,0,0,0,0,0,24.0,780.0,0,0,804.0,2.3158078099728758e+30
2044-04-06,0,0,0,0,0,24.0,780.0,0,0,804.0,2.972482079376143e+30
2044-05-06,0,0,0,0,0,24.0,780.0,0,0,804.0,3.8153639840759533e+30
2044-06-05,0,0,0,0,0,24.0,780.0,0,0,804.0,4.897254867231737e+30
2044-07-05,0,0,0,0,0,24.0,780.0,0,0,804.0,6.285928507665942e+30
2044-08-04,0,0,0,0,0,24.0,780.0,0,0,804.0,8.06837672833286e+30
2044-09-03,0,0,0,0,0,24.0,780.0,0,0,804.0,1.0356258896503958e+31
2044-10-03,0,0,0,0,0,24.0,780.0,0,0,804.0,1.3292896693183847e+31
2044-11-02,0,0,0,0,0,24.0,780.0,0,0,804.0,1.7062252330840088e+31
2044-12-02,0,0,0,0,0,24.0,780.0,0,0,804.0,2.190045264931118e+31
2045-01-01,0,0,0,0,0,24.0,780.0,0,0,804.0,2.811058100329394e+31
2045-01-31,0,0,0,0,0,24.0,780.0,0,0,804.0,3.608166356176222e+31
2045-03-02,0,0,0,0,0,24.0,780.0,0,0,804.0,4.631303939365918e+31
2045-04-01,0,0,0,0,0,24.0,780.0,0,0,804.0,5.9445640975148835e+31
2045-05-01,0,0,0,0,0,24.0,780.0,0,0,804.0,7.630214464892391e+31
2045-05-31,0,0,0,0,0,24.0,780.0,0,0,804.0,9.793850621375575e+31
2045-06-30,0,0,0,0,0,24.0,780.0,0,0,804.0,1.2571011003053307e+32
2045-07-30,0,0,0,0,0,24.0,780.0,0,0,804.0,1.6135667547754724e+32
2045-08-29,0,0,0,0,0,24.0,780.0,0,0,804.0,2.0711123961981064e+32
2045-09-28,0,0,0,0,0,24.0,780.0,0,0,804.0,2.6584004318323638e+32
2045-10-28,0,0,0,0,0,24.0,780.0,0,0,804.0,3.412220828256062e+32
2045-11-27,0,0,0,0,0,24.0,780.0,0,0,804.0,4.379795775446479e+32
2045-12-27,0,0,0,0,0,24.0,780.0,0,0,804.0,5.621737865196371e+32
2046-01-26,0,0,0,0,0,24.0,780.0,0,0,804.0,7.215847095464383e+32
2046-02-25,0,0,0,0,0,24.0,780.0,0,0,804.0,9.261984559520723e+32
2046-03-27,0,0,0,0,0,24.0,780.0,0,0,804.0,1.1888328126398517e+33
2046-04-26,0,0,0,0,0,24.0,780.0,0,0,804.0,1.5259401992377274e+33
2046-05-26,0,0,0,0,0,24.0,780.0,0,0,804.0,1.9586383105284254e+33
2046-06-25,0,0,0,0,0,24.0,780.0,0,0,804.0,2.5140330095412802e+33
2046-07-25,0,0,0,0,0,24.0,780.0,0,0,804.0,3.2269163423838074e+33
2046-08-24,0,0,0,0,0,24.0,780.0,0,0,804.0,4.141946044950175e+33
2046-09-23,0,0,0,0,0,24.0,780.0,0,0,804.0,5.316443074134677e+33
2046-10-23,0,0,0,0,0,24.0,780.0,0,0,804.0,6.823982411594784e+33
2046-11-22,0,0,0,0,0,24.0,780.0,0,0,804.0,8.759002081731935e+33
2046-12-22,0,0,0,0,0,24.0,780.0,0,0,804.0,1.1242719110387428e+34
2047-01-21,0,0,0,0,0,24.0,780.0,0,0,804.0,1.4430723022510987e+34
2047-02-20,0,0,0,0,0,24.0,780.0,0,0,804.0,1.852272256451068e+34
2047-03-22,0,0,0,0,0,24.0,780.0,0,0,804.0,2.377505622321439e+34
2047-04-21,0,0,0,0,0,24.0,780.0,0,0,804.0,3.051675024815327e+34
2047-05-21,0,0,0,0,0,24.0,780.0,0,0,804.0,3.9170130113040567e+34
2047-06-20,0,0,0,0,0,24.0,780.0,0,0,804.0,5.027727659714933e+34
2047-07-20,0,0,0,0,0,24.0,780.0,0,0,804.0,6.453398379661496e+34
2047-08-19,0,0,0,0,0,24.0,780.0,0,0,804.0,8.283334632524413e+34
2047-09-18,0,0,0,0,0,24.0,780.0,0,0,804.0,1.0632170617363528e+35
2047-10-18,0,0,0,0,0,24.0,780.0,0,0,804.0,1.364704639516387e+35
2047-11-17,0,0,0,0,0,24.0,780.0,0,0,804.0,1.751682530447746e+35
2047-12-17,0,0,0,0,0,24.0,780.0,0,0,804.0,2.248392508259641e+35
2048-01-16,0,0,0,0,0,24.0,780.0,0,0,804.0,2.8859503838894297e+35
2048-02-15,0,0,0,0,0,24.0,780.0,0,0,804.0,3.704295218773145e+35
2048-03-16,0,0,0,0,0,24.0,780.0,0,0,804.0,4.754691260260872e+35
2048-04-15,0,0,0,0,0,24.0,780.0,0,0,804.0,6.1029393299512836e+35
2048-05-15,0,0,0,0,0,24.0,780.0,0,0,804.0,7.833498838581305e+35
2048-06-14,0,0,0,0,0,24.0,780.0,0,0,804.0,1.0054778646233812e+36
2048-07-14,0,0,0,0,0,24.0,780.0,0,0,804.0,1.2905928207563127e+36
2048-08-13,0,0,0,0,0,24.0,780.0,0,0,804.0,1.6565554425324177e+36
2048-09-12,0,0,0,0,0,24.0,780.0,0,0,804.0,2.126291026921747e+36
2048-10-12,0,0,0,0,0,24.0,780.0,0,0,804.0,2.7292256057885987e+36
2048-11-11,0,0,0,0,0,24.0,780.0,0,0,804.0,3.5031293049642696e+36
2048-12-11,0,0,0,0,0,24.0,780.0,0,0,804.0,4.496482409248658e+36
2049-01-10,0,0,0,0,0,24.0,780.0,0,0,804.0,5.771512352693141e+36
2049-02-09,0,0,0,0,0,24.0,780.0,0,0,804.0,7.408091882840374e+36
2049-03-11,0,0,0,0,0,24.0,780.0,0,0,804.0,9.508742594823877e+36
2049-04-10,0,0,0,0,0,24.0,780.0,0,0,804.0,1.220505727582188e+37
2049-05-10,0,0,0,0,0,24.0,780.0,0,0,804.0,1.5665943380061783e+37
2049-06-09,0,0,0,0,0,24.0,780.0,0,0,804.0,2.0108204037147796e+37
2049-07-09,0,0,0,0,0,24.0,780.0,0,0,804.0,2.5810119428503404e+37
2049-08-08,0,0,0,0,0,24.0,780.0,0,0,804.0,3.312887932124341e+37
2049-09-07,0,0,0,0,0,24.0,780.0,0,0,804.0,4.2522958800006953e+37
2049-10-07,0,0,0,0,0,24.0,780.0,0,0,804.0,5.458083889809112e+37
2049-11-06,0,0,0,0,0,24.0,780.0,0,0,804.0,7.005787129796079e+37
2049-12-06,0,0,0,0,0,24.0,780.0,0,0,804.0,8.99235964468346e+37
2050-01-05,0,0,0,0,0,24.0,780.0,0,0,804.0,1.1542247927490961e+38
2050-02-04,0,0,0,0,0,24.0,780.0,0,0,804.0,1.4815186723368536e+38
2050-03-06,0,0,0,0,0,24.0,780.0,0,0,804.0,1.901620542437852e+38
2050-04-05,0,0,0,0,0,24.0,780.0,0,0,804.0,2.4408471894031056e+38
2050-05-05,0,0,0,0,0,24.0,780.0,0,0,804.0,3.1329778307817945e+38
2050-06-04,0,0,0,0,0,24.0,780.0,0,0,804.0,4.021370174578824e+38
2050-07-04,0,0,0,0,0,24.0,780.0,0,0,804.0,5.161676511753915e+38
2050-08-03,0,0,0,0,0,24.0,780.0,0,0,804.0,6.625329988374546e+38
2050-09-02,0,0,0,0,0,24.0,780.0,0,0,804.0,8.504019450831437e+38
2050-10-02,0,0,0,0,0,24.0,780.0,0,0,804.0,1.0915433185519255e+39
2050-11-01,0,0,0,0,0,24.0,780.0,0,0,804.0,1.4010631362782936e+39
2050-12-01,0,0,0,0,0,24.0,780.0,0,0,804.0,1.7983509023188507e+39
2050-12-31,0,0,0,0,0,24.0,780.0,0,0,804.0,2.3082942403736482e+39
2051-01-30,0,0,0,0,0,24.0,780.0,0,0,804.0,2.9628379496302854e+39
2051-03-01,0,0,0,0,0,24.0,780.0,0,0,804.0,3.8029851490459963e+39
2051-03-31,0,0,0,0,0,24.0,780.0,0,0,804.0,4.881365869391916e+39
2051-04-30,0,0,0,0,0,24.0,780.0,0,0,804.0,6.265533999479761e+39
2051-05-30,0,0,0,0,0,24.0,780.0,0,0,804.0,8.042199119880186e+39
2051-06-29,0,0,0,0,0,24.0,780.0,0,0,804.0,1.0322658322366758e+40
2051-07-29,0,0,0,0,0,24.0,780.0,0,0,804.0,1.3249768285010483e+40
2051-08-28,0,0,0,0,0,24.0,780.0,0,0,804.0,1.700689436034907e+40
2051-09-27,0,0,0,0,0,24.0,780.0,0,0,804.0,2.182939728170833e+40
2051-10-27,0,0,0,0,0,24.0,780.0,0,0,804.0,2.801937705885028e+40
2051-11-26,0,0,0,0,0,24.0,780.0,0,0,804.0,3.596459767690782e+40
2051-12-26,0,0,0,0,0,24.0,780.0,0,0,804.0,4.616277811405839e+40
2052-01-25,0,0,0,0,0,24.0,780.0,0,0,804.0,5.925277136009961e+40
2052-02-24,0,0,0,0,0,24.0,780.0,0,0,804.0,7.605458460878539e+40
2052-03-25,0,0,0,0,0,24.0,780.0,0,0,804.0,9.762074764168754e+40
2052-04-24,0,0,0,0,0,24.0,780.0,0,0,804.0,1.2530224731542634e+41
2052-05-24,0,0,0,0,0,24.0,780.0,0,0,804.0,1.608331585404856e+41
2052-06-23,0,0,0,0,0,24.0,780.0,0,0,804.0,2.064392733595e+41
2052-07-23,0,0,0,0,0,24.0,780.0,0,0,804.0,2.6497753306555e+41
2052-08-22,0,0,0,0,0,24.0,780.0,0,0,804.0,3.401149979211238e+41
2052-09-21,0,0,0,0,0,24.0,780.0,0,0,804.0,4.365585658247849e+41
2052-10-21,0,0,0,0,0,24.0,780.0,0,0,804.0,5.603498303805801e+41
2052-11-20,0,0,0,0,0,24.0,780.0,0,0,804.0,7.192435494063062e+41
2052-12-20,0,0,0,0,0,24.0,780.0,0,0,804.0,9.231934325941217e+41
2053-01-19,0,0,0,0,0,24.0,780.0,0,0,804.0,1.1849756799187562e+42
2053-02-18,0,0,0,0,0,24.0,780.0,0,0,804.0,1.520989331621746e+42
2053-03-20,0,0,0,0,0,24.0,780.0,0,0,804.0,1.952283566752844e+42
2053-04-19,0,0,0,0,0,24.0,780.0,0,0,804.0,2.5058763041745407e+42
2053-05-19,0,0,0,0,0,24.0,780.0,0,0,804.0,3.2164467082349926e+42
2053-06-18,0,0,0,0,0,24.0,780.0,0,0,804.0,4.1285076241317646e+42
2053-07-18,0,0,0,0,0,24.0,780.0,0,0,804.0,5.299194032618443e+42
2053-08-17,0,0,0,0,0,24.0,780.0,0,0,804.0,6.801842203511618e+42
2053-09-16,0,0,0,0,0,24.0,780.0,0,0,804.0,8.730583759849843e+42
2053-10-16,0,0,0,0,0,24.0,780.0,0,0,804.0,1.1206242442437402e+43
2053-11-15,0,0,0,0,0,24.0,780.0,0,0,804.0,1.4383902970635405e+43
2053-12-15,0,0,0,0,0,24.0,780.0,0,0,804.0,1.8462626141760787e+43
2054-01-14,0,0,0,0,0,24.0,780.0,0,0,804.0,2.36979187600409e+43
2054-02-13,0,0,0,0,0,24.0,780.0,0,0,804.0,3.0417739559120994e+43
2054-03-15,0,0,0,0,0,24.0,780.0,0,0,804.0,3.9043043790269005e+43
2054-04-14,0,0,0,0,0,24.0,780.0,0,0,804.0,5.011415346778364e+43
2054-05-14,0,0,0,0,0,24.0,780.0,0,0,804.0,6.432460520453872e+43
2054-06-13,0,0,0,0,0,24.0,780.0,0,0,804.0,8.256459599541477e+43
2054-07-13,0,0,0,0,0,24.0,780.0,0,0,804.0,1.0597674855849815e+44
2054-08-12,0,0,0,0,0,24.0,780.0,0,0,804.0,1.3602768958809967e+44
2054-09-11,0,0,0,0,0,24.0,780.0,0,0,804.0,1.7459992485486218e+44
2054-10-11,0,0,0,0,0,24.0,780.0,0,0,804.0,2.24109766560282e+44
2054-11-10,0,0,0,0,0,24.0,780.0,0,0,804.0,2.876587003657318e+44
2054-12-10,0,0,0,0,0,24.0,780.0,0,0,804.0,3.692276743050558e+44
2055-01-09,0,0,0,0,0,24.0,780.0,0,0,804.0,4.73926480580599e+44
2055-02-08,0,0,0,0,0,24.0,780.0,0,0,804.0,6.0831385247126205e+44
2055-03-10,0,0,0,0,0,24.0,780.0,0,0,804.0,7.808083284459898e+44
2055-04-09,0,0,0,0,0,24.0,780.0,0,0,804.0,1.0022156215806746e+45
2055-05-09,0,0,0,0,0,24.0,780.0,0,0,804.0,1.2864055307138249e+45
2055-06-08,0,0,0,0,0,24.0,780.0,0,0,804.0,1.6511807976422657e+45
2055-07-08,0,0,0,0,0,24.0,780.0,0,0,804.0,2.1193923388915106e+45
2055-08-07,0,0,0,0,0,24.0,780.0,0,0,804.0,2.7203707144401993e+45
2055-09-06,0,0,0,0,0,24.0,780.0,0,0,804.0,3.491763506069133e+45
2055-10-06,0,0,0,0,0,24.0,780.0,0,0,804.0,4.4818937057353116e+45
2055-11-05,0,0,0,0,0,24.0,780.0,0,0,804.0,5.752786852430119e+45
2055-12-05,0,0,0,0,0,24.0,780.0,0,0,804.0,7.384056548941126e+45
2056-01-04,0,0,0,0,0,24.0,780.0,0,0,804.0,9.47789176213402e+45
2056-02-03,0,0,0,0,0,24.0,780.0,0,0,804.0,1.216545833030079e+46
2056-03-04,0,0,0,0,0,24.0,780.0,0,0,804.0,1.5615115692454577e+46
2056-04-03,0,0,0,0,0,24.0,780.0,0,0,804.0,2.0042963566890328e+46
2056-05-03,0,0,0,0,0,24.0,780.0,0,0,804.0,2.572637926325512e+46
2056-06-02,0,0,0,0,0,24.0,780.0,0,0,804.0,3.302139365708226e+46
2056-07-02,0,0,0,0,0,24.0,780.0,0,0,804.0,4.23849943242275e+46
2056-08-01,0,0,0,0,0,24.0,780.0,0,0,804.0,5.440375298876872e+46
2056-08-31,0,0,0,0,0,24.0,780.0,0,0,804.0,6.98305706170908e+46
2056-09-30,0,0,0,0,0,24.0,780.0,0,0,804.0,8.963184201125217e+46
2056-10-30,0,0,0,0,0,24.0,780.0,0,0,804.0,1.150479944719771e+47
2056-11-29,0,0,0,0,0,24.0,780.0,0,0,804.0,1.4767119290444185e+47
2056-12-29,0,0,0,0,0,24.0,780.0,0,0,804.0,1.895450791115918e+47
2057-01-28,0,0,0,0,0,24.0,780.0,0,0,804.0,2.4329279332542673e+47
2057-02-27,0,0,0,0,0,24.0,780.0,0,0,804.0,3.1228129773414365e+47
2057-03-29,0,0,0,0,0,24.0,780.0,0,0,804.0,4.00832295858757e+47
2057-04-28,0,0,0,0,0,24.0,780.0,0,0,804.0,5.144929605748703e+47
2057-05-28,0,0,0,0,0,24.0,780.0,0,0,804.0,6.603834302173335e+47
2057-06-27,0,0,0,0,0,24.0,780.0,0,0,804.0,8.476428412515636e+47
2057-07-27,0,0,0,0,0,24.0,780.0,0,0,804.0,1.0880018387023495e+48
2057-08-26,0,0,0,0,0,24.0,780.0,0,0,804.0,1.3965174285809609e+48
2057-09-25,0,0,0,0,0,24.0,780.0,0,0,804.0,1.7925162062744663e+48
2057-10-25,0,0,0,0,0,24.0,780.0,0,0,804.0,2.300805048327637e+48
2057-11-24,0,0,0,0,0,24.0,780.0,0,0,804.0,2.953225109976707e+48
2057-12-24,0,0,0,0,0,24.0,780.0,0,0,804.0,3.7906464767783206e+48
2058-01-23,0,0,0,0,0,24.0,780.0,0,0,804.0,4.865528422933269e+48
2058-02-22,0,0,0,0,0,24.0,780.0,0,0,804.0,6.245205660669141e+48
2058-03-24,0,0,0,0,0,24.0,780.0,0,0,804.0,8.01610644389998e+48
2058-04-23,0,0,0,0,0,24.0,780.0,0,0,804.0,1.0289166764293536e+49
2058-05-23,0,0,0,0,0,24.0,780.0,0,0,804.0,1.32067798056754e+49
2058-06-22,0,0,0,0,0,24.0,780.0,0,0,804.0,1.695171599714774e+49
2058-07-22,0,0,0,0,0,24.0,780.0,0,0,804.0,2.175857245113347e+49
2058-08-21,0,0,0,0,0,24.0,780.0,0,0,804.0,2.792846902289323e+49
2058-09-20,0,0,0,0,0,24.0,780.0,0,0,804.0,3.5847911608836927e+49
2058-10-20,0,0,0,0,0,24.0,780.0,0,0,804.0,4.6013004352712606e+49
2058-11-19,0,0,0,0,0,24.0,780.0,0,0,804.0,5.906052750478317e+49
2058-12-19,0,0,0,0,0,24.0,780.0,0,0,804.0,7.580782776983812e+49
2059-01-18,0,0,0,0,0,24.0,780.0,0,0,804.0,9.73040200278607e+49
2059-02-17,0,0,0,0,0,24.0,780.0,0,0,804.0,1.2489570789877461e+50
2059-03-19,0,0,0,0,0,24.0,780.0,0,0,804.0,1.6031134013856412e+50
2059-04-18,0,0,0,0,0,24.0,780.0,0,0,804.0,2.05769487273746e+50
2059-05-18,0,0,0,0,0,24.0,780.0,0,0,804.0,2.6411782133630137e+50
2059-06-17,0,0,0,0,0,24.0,780.0,0,0,804.0,3.3901150492070465e+50
2059-07-17,0,0,0,0,0,24.0,780.0,0,0,804.0,4.351421645352058e+50
2059-08-16,0,0,0,0,0,24.0,780.0,0,0,804.0,5.585317920129971e+50
2059-09-15,0,0,0,0,0,24.0,780.0,0,0,804.0,7.169099850906552e+50
2059-10-15,0,0,0,0,0,24.0,780.0,0,0,804.0,9.201981589451287e+50
2059-11-14,0,0,0,0,0,24.0,780.0,0,0,804.0,1.1811310615501172e+51
2059-12-14,0,0,0,0,0,24.0,780.0,0,0,804.0,1.516054526948575e+51
2060-01-13,0,0,0,0,0,24.0,780.0,0,0,804.0,1.9459494407545408e+51
2060-02-12,0,0,0,0,0,24.0,780.0,0,0,804.0,2.497746062995897e+51
2060-03-13,0,0,0,0,0,24.0,780.0,0,0,804.0,3.206011042502953e+51
2060-04-12,0,0,0,0,0,24.0,780.0,0,0,804.0,4.115112803870228e+51
2060-05-12,0,0,0,0,0,24.0,780.0,0,0,804.0,5.2820009551046625e+51
2060-06-11,0,0,0,0,0,24.0,780.0,0,0,804.0,6.779773828675437e+51
2060-07-11,0,0,0,0,0,24.0,780.0,0,0,804.0,8.702257640368335e+51
2060-08-10,0,0,0,0,0,24.0,780.0,0,0,804.0,1.1169884121952232e+52
2060-09-09,0,0,0,0,0,24.0,780.0,0,0,804.0,1.4337234825026357e+52
2060-10-09,0,0,0,0,0,24.0,780.0,0,0,804.0,1.8402724700068077e+52
2060-11-08,0,0,0,0,0,24.0,780.0,0,0,804.0,2.3621031567073684e+52
2060-12-08,0,0,0,0,0,24.0,780.0,0,0,804.0,3.0319050107326084e+52
2061-01-07,0,0,0,0,0,24.0,780.0,0,0,804.0,3.891636979529389e+52
2061-02-06,0,0,0,0,0,24.0,780.0,0,0,804.0,4.995155958656216e+52
2061-03-08,0,0,0,0,0,24.0,780.0,0,0,804.0,6.411590593508048e+52
2061-04-07,0,0,0,0,0,24.0,780.0,0,0,804.0,8.229671761804165e+52
2061-05-07,0,0,0,0,0,24.0,780.0,0,0,804.0,1.0563291014808908e+53
2061-06-06,0,0,0,0,0,24.0,780.0,0,0,804.0,1.355863517928212e+53
2061-07-06,0,0,0,0,0,24.0,780.0,0,0,804.0,1.7403344058886776e+53
2061-08-05,0,0,0,0,0,24.0,780.0,0,0,804.0,2.233826490846152e+53
2061-09-04,0,0,0,0,0,24.0,780.0,0,0,804.0,2.8672540026340334e+53
2061-10-04,0,0,0,0,0,24.0,780.0,0,0,804.0,3.6802972609151907e+53
2061-11-03,0,0,0,0,0,24.0,780.0,0,0,804.0,4.723888402024019e+53
2061-12-03,0,0,0,0,0,24.0,780.0,0,0,804.0,6.063401962597952e+53
2062-01-02,0,0,0,0,0,24.0,780.0,0,0,804.0,7.782750190348331e+53
2062-02-01,0,0,0,0,0,24.0,780.0,0,0,804.0,9.98963962788546e+53
2062-03-03,0,0,0,0,0,24.0,780.0,0,0,804.0,1.2822318262094076e+54
2062-04-02,0,0,0,0,0,24.0,780.0,0,0,804.0,1.6458235906276918e+54
2062-05-02,0,0,0,0,0,24.0,780.0,0,0,804.0,2.112516033449517e+54
2062-06-01,0,0,0,0,0,24.0,780.0,0,0,804.0,2.7115445525235578e+54
2062-07-01,0,0,0,0,0,24.0,780.0,0,0,804.0,3.480434583170649e+54
2062-07-31,0,0,0,0,0,24.0,780.0,0,0,804.0,4.467352334836847e+54
2062-08-30,0,0,0,0,0,24.0,780.0,0,0,804.0,5.7341221064960625e+54
2062-09-29,0,0,0,0,0,24.0,780.0,0,0,804.0,7.360099196968234e+54
2062-10-29,0,0,0,0,0,24.0,780.0,0,0,804.0,9.447141024053748e+54
2062-11-28,0,0,0,0,0,24.0,780.0,0,0,804.0,1.2125987862381317e+55
2062-12-28,0,0,0,0,0,24.0,780.0,0,0,804.0,1.5564452913768895e+55
2063-01-27,0,0,0,0,0,24.0,780.0,0,0,804.0,1.9977934767399254e+55
2063-02-26,0,0,0,0,0,24.0,780.0,0,0,804.0,2.56429107904837e+55
2063-03-28,0,0,0,0,0,24.0,780.0,0,0,804.0,3.291425672696332e+55
2063-04-27,0,0,0,0,0,24.0,780.0,0,0,804.0,4.2247477470088536e+55
2063-05-27,0,0,0,0,0,24.0,780.0,0,0,804.0,5.422724162941501e+55
2063-06-26,0,0,0,0,0,24.0,780.0,0,0,804.0,6.96040074065231e+55
2063-07-26,0,0,0,0,0,24.0,780.0,0,0,804.0,8.934103416426321e+55
2063-08-25,0,0,0,0,0,24.0,780.0,0,0,804.0,1.1467472467385567e+56
2063-09-24,0,0,0,0,0,24.0,780.0,0,0,804.0,1.471920781087709e+56
2063-10-24,0,0,0,0,0,24.0,780.0,0,0,804.0,1.8893010573687442e+56
2063-11-23,0,0,0,0,0,24.0,780.0,0,0,804.0,2.4250343708965936e+56
2063-12-23,0,0,0,0,0,24.0,780.0,0,0,804.0,3.1126811034659015e+56
2064-01-22,0,0,0,0,0,24.0,780.0,0,0,804.0,3.995318073900753e+56
2064-02-21,0,0,0,0,0,24.0,780.0,0,0,804.0,5.128237034582199e+56
2064-03-22,0,0,0,0,0,24.0,780.0,0,0,804.0,6.582408358087014e+56
2064-04-21,0,0,0,0,0,24.0,780.0,0,0,804.0,8.448926892503468e+56
2064-05-21,0,0,0,0,0,24.0,780.0,0,0,804.0,1.0844718490788698e+57
2064-06-20,0,0,0,0,0,24.0,780.0,0,0,804.0,1.3919864692971246e+57
2064-07-20,0,0,0,0,0,24.0,780.0,0,0,804.0,1.7867004407279532e+57
2064-08-19,0,0,0,0,0,24.0,780.0,0,0,804.0,2.293340154742592e+57
2064-09-18,0,0,0,0,0,24.0,780.0,0,0,804.0,2.9436434588956284e+57
2064-10-18,0,0,0,0,0,24.0,780.0,0,0,804.0,3.778347836966033e+57
2064-11-17,0,0,0,0,0,24.0,780.0,0,0,804.0,4.849742360598867e+57
2064-12-17,0,0,0,0,0,24.0,780.0,0,0,804.0,6.224943276549504e+57
2065-01-16,0,0,0,0,0,24.0,780.0,0,0,804.0,7.99009842483135e+57
2065-02-15,0,0,0,0,0,24.0,780.0,0,0,804.0,1.0255783868584897e+58
2065-03-17,0,0,0,0,0,24.0,780.0,0,0,804.0,1.3163930801183628e+58
2065-04-16,0,0,0,0,0,24.0,780.0,0,0,804.0,1.6896716658505562e+58
2065-05-16,0,0,0,0,0,24.0,780.0,0,0,804.0,2.1687977409616043e+58
2065-06-15,0,0,0,0,0,24.0,780.0,0,0,804.0,2.783785593535648e+58
2065-07-15,0,0,0,0,0,24.0,780.0,0,0,804.0,3.573160412524524e+58
2065-08-14,0,0,0,0,0,24.0,780.0,0,0,804.0,4.5863716527883274e+58
2065-09-13,0,0,0,0,0,24.0,780.0,0,0,804.0,5.886890737894059e+58
2065-10-13,0,0,0,0,0,24.0,780.0,0,0,804.0,7.556187152611963e+58
2065-11-12,0,0,0,0,0,24.0,780.0,0,0,804.0,9.698832002736177e+58
2065-12-12,0,0,0,0,0,24.0,780.0,0,0,804.0,1.2449048748717532e+59
2066-01-11,0,0,0,0,0,24.0,780.0,0,0,804.0,1.5979121476093598e+59
2066-02-10,0,0,0,0,0,24.0,780.0,0,0,804.0,2.05101874289037e+59
2066-03-12,0,0,0,0,0,24.0,780.0,0,0,804.0,2.632608989162023e+59
2066-04-11,0,0,0,0,0,24.0,780.0,0,0,804.0,3.379115921705227e+59
2066-05-11,0,0,0,0,0,24.0,780.0,0,0,804.0,4.337303587175065e+59
2066-06-10,0,0,0,0,0,24.0,780.0,0,0,804.0,5.567196522168542e+59
2066-07-10,0,0,0,0,0,24.0,780.0,0,0,804.0,7.14583991955058e+59
2066-08-09,0,0,0,0,0,24.0,780.0,0,0,804.0,9.172126033724513e+59
2066-09-08,0,0,0,0,0,24.0,780.0,0,0,804.0,1.1772989169314889e+60
2066-10-08,0,0,0,0,0,24.0,780.0,0,0,804.0,1.5111357331024728e+60
2066-11-07,0,0,0,0,0,24.0,780.0,0,0,804.0,1.9396358656397494e+60
2066-12-07,0,0,0,0,0,24.0,780.0,0,0,804.0,2.4896422001430758e+60
2067-01-06,0,0,0,0,0,24.0,780.0,0,0,804.0,3.195609234978167e+60
2067-02-05,0,0,0,0,0,24.0,780.0,0,0,804.0,4.1017614427048525e+60
2067-03-07,0,0,0,0,0,24.0,780.0,0,0,804.0,5.26486366001979e+60
2067-04-06,0,0,0,0,0,24.0,780.0,0,0,804.0,6.757777054025402e+60
2067-05-06,0,0,0,0,0,24.0,780.0,0,0,804.0,8.674023424139454e+60
2067-06-05,0,0,0,0,0,24.0,780.0,0,0,804.0,1.113364376495708e+61
2067-07-05,0,0,0,0,0,24.0,780.0,0,0,804.0,1.4290718092828472e+61
2067-08-04,0,0,0,0,0,24.0,780.0,0,0,804.0,1.8343017606822298e+61
2067-09-03,0,0,0,0,0,24.0,780.0,0,0,804.0,2.3544393832318485e+61
2067-10-03,0,0,0,0,0,24.0,780.0,0,0,804.0,3.0220680850523863e+61
2067-11-02,0,0,0,0,0,24.0,780.0,0,0,804.0,3.8790106790329943e+61
2067-12-02,0,0,0,0,0,24.0,780.0,0,0,804.0,4.9789493236355006e+61
2068-01-01,0,0,0,0,0,24.0,780.0,0,0,804.0,6.390788378419814e+61
2068-01-31,0,0,0,0,0,24.0,780.0,0,0,804.0,8.202970836410089e+61
2068-03-01,0,0,0,0,0,24.0,780.0,0,0,804.0,1.0529018731118155e+62
2068-03-31,0,0,0,0,0,24.0,780.0,0,0,804.0,1.3514644590490015e+62
2068-04-30,0,0,0,0,0,24.0,780.0,0,0,804.0,1.7346879426423484e+62
2068-05-30,0,0,0,0,0,24.0,780.0,0,0,804.0,2.226578907199836e+62
2068-06-29,0,0,0,0,0,24.0,780.0,0,0,804.0,2.857951282255132e+62
2068-07-29,0,0,0,0,0,24.0,780.0,0,0,804.0,3.668356645853505e+62
2068-08-28,0,0,0,0,0,24.0,780.0,0,0,804.0,4.708561886527033e+62
2068-09-27,0,0,0,0,0,24.0,780.0,0,0,804.0,6.04372943517237e+62
2068-10-27,0,0,0,0,0,24.0,780.0,0,0,804.0,7.757499288707548e+62
2068-11-26,0,0,0,0,0,24.0,780.0,0,0,804.0,9.957228539067086e+62
2068-12-26,0,0,0,0,0,24.0,780.0,0,0,804.0,1.2780716631651863e+63
2069-01-25,0,0,0,0,0,24.0,780.0,0,0,804.0,1.6404837649120268e+63
2069-02-24,0,0,0,0,0,24.0,780.0,0,0,804.0,2.105662037976122e+63
2069-03-26,0,0,0,0,0,24.0,780.0,0,0,804.0,2.7027470268268853e+63
2069-04-25,0,0,0,0,0,24.0,780.0,0,0,804.0,3.469142416625742e+63
2069-05-25,0,0,0,0,0,24.0,780.0,0,0,804.0,4.4528581429840005e+63
2069-06-24,0,0,0,0,0,24.0,780.0,0,0,804.0,5.715517917775354e+63
2069-07-24,0,0,0,0,0,24.0,780.0,0,0,804.0,7.336219573911654e+63
2069-08-23,0,0,0,0,0,24.0,780.0,0,0,804.0,9.416490055829068e+63
2069-09-22,0,0,0,0,0,24.0,780.0,0,0,804.0,1.2086645455221694e+64
2069-10-22,0,0,0,0,0,24.0,780.0,0,0,804.0,1.5513954508962642e+64
2069-11-21,0,0,0,0,0,24.0,780.0,0,0,804.0,1.9913116951915063e+64
2069-12-21,0,0,0,0,0,24.0,780.0,0,0,804.0,2.5559713128690978e+64
2070-01-20,0,0,0,0,0,24.0,780.0,0,0,804.0,3.280746739942938e+64
2070-02-19,0,0,0,0,0,24.0,780.0,0,0,804.0,4.211040678529497e+64
2070-03-21,0,0,0,0,0,24.0,780.0,0,0,804.0,5.405130295591971e+64
2070-04-20,0,0,0,0,0,24.0,780.0,0,0,804.0,6.937817927355722e+64
2070-05-20,0,0,0,0,0,24.0,780.0,0,0,804.0,8.905116983468919e+64
2070-06-19,0,0,0,0,0,24.0,780.0,0,0,804.0,1.1430266593849833e+65
2070-07-19,0,0,0,0,0,24.0,780.0,0,0,804.0,1.4671451778681224e+65
2070-08-18,0,0,0,0,0,24.0,780.0,0,0,804.0,1.883171276249905e+65
2070-09-17,0,0,0,0,0,24.0,780.0,0,0,804.0,2.417166418967344e+65
2070-10-17,0,0,0,0,0,24.0,780.0,0,0,804.0,3.1025821021539745e+65
2070-11-16,0,0,0,0,0,24.0,780.0,0,0,804.0,3.982355383175718e+65
2070-12-16,0,0,0,0,0,24.0,780.0,0,0,804.0,5.111598621966641e+65
2071-01-15,0,0,0,0,0,24.0,780.0,0,0,804.0,6.561051929839373e+65
2071-02-14,0,0,0,0,0,24.0,780.0,0,0,804.0,8.421514600355469e+65
2071-03-16,0,0,0,0,0,24.0,780.0,0,0,804.0,1.080953312401791e+66
2071-04-15,0,0,0,0,0,24.0,780.0,0,0,804.0,1.3874702105759975e+66
2071-05-15,0,0,0,0,0,24.0,780.0,0,0,804.0,1.7809035442598763e+66
2071-06-14,0,0,0,0,0,24.0,780.0,0,0,804.0,2.2858994807828823e+66
2071-07-14,0,0,0,0,0,24.0,780.0,0,0,804.0,2.9340928951966585e+66
2071-08-13,0,0,0,0,0,24.0,780.0,0,0,804.0,3.766089099725026e+66
2071-09-12,0,0,0,0,0,24.0,780.0,0,0,804.0,4.8340075156744514e+66
2071-10-12,0,0,0,0,0,24.0,780.0,0,0,804.0,6.2047466331328235e+66
2071-11-11,0,0,0,0,0,24.0,780.0,0,0,804.0,7.964174788007473e+66
2071-12-11,0,0,0,0,0,24.0,780.0,0,0,804.0,1.0222509282689045e+67
2072-01-10,0,0,0,0,0,24.0,780.0,0,0,804.0,1.31212208190132e+67
2072-02-09,0,0,0,0,0,24.0,780.0,0,0,804.0,1.6841895763582695e+67
2072-03-10,0,0,0,0,0,24.0,780.0,0,0,804.0,2.1617611411612308e+67
2072-04-09,0,0,0,0,0,24.0,780.0,0,0,804.0,2.774753683928868e+67
2072-05-09,0,0,0,0,0,24.0,780.0,0,0,804.0,3.56156739978267e+67
2072-06-08,0,0,0,0,0,24.0,780.0,0,0,804.0,4.571491306296386e+67
2072-07-08,0,0,0,0,0,24.0,780.0,0,0,804.0,5.867790895890019e+67
2072-08-07,0,0,0,0,0,24.0,780.0,0,0,804.0,7.531671328012256e+67
2072-09-06,0,0,0,0,0,24.0,780.0,0,0,804.0,9.667364430612992e+67
2072-10-06,0,0,0,0,0,24.0,780.0,0,0,804.0,1.2408658180115579e+68
2072-11-05,0,0,0,0,0,24.0,780.0,0,0,804.0,1.592727769146342e+68
2072-12-05,0,0,0,0,0,24.0,780.0,0,0,804.0,2.044364273548113e+68
2073-01-04,0,0,0,0,0,24.0,780.0,0,0,804.0,2.624067567554222e+68
2073-02-03,0,0,0,0,0,24.0,780.0,0,0,804.0,3.3681524805456247e+68
2073-03-05,0,0,0,0,0,24.0,780.0,0,0,804.0,4.323231334618151e+68
2073-04-04,0,0,0,0,0,24.0,780.0,0,0,804.0,5.54913391854412e+68
2073-05-04,0,0,0,0,0,24.0,780.0,0,0,804.0,7.122655454350466e+68
2073-06-03,0,0,0,0,0,24.0,780.0,0,0,804.0,9.142367343460804e+68
2073-07-03,0,0,0,0,0,24.0,780.0,0,0,804.0,1.1734792055921608e+69
2073-08-02,0,0,0,0,0,24.0,780.0,0,0,804.0,1.5062328981367874e+69
2073-09-01,0,0,0,0,0,24.0,780.0,0,0,804.0,1.9333427747317396e+69
2073-10-01,0,0,0,0,0,24.0,780.0,0,0,804.0,2.4815646300323835e+69
2073-10-31,0,0,0,0,0,24.0,780.0,0,0,804.0,3.1852411758086894e+69
2073-11-30,0,0,0,0,0,24.0,780.0,0,0,804.0,4.088453399633893e+69
2073-12-30,0,0,0,0,0,24.0,780.0,0,0,804.0,5.2477819663793944e+69
2074-01-29,0,0,0,0,0,24.0,780.0,0,0,804.0,6.735851647256839e+69
2074-02-28,0,0,0,0,0,24.0,780.0,0,0,804.0,8.645880812985834e+69
2074-03-30,0,0,0,0,0,24.0,780.0,0,0,804.0,1.1097520988722913e+70
2074-04-29,0,0,0,0,0,24.0,780.0,0,0,804.0,1.4244352282785438e+70
2074-05-29,0,0,0,0,0,24.0,780.0,0,0,804.0,1.828350423146569e+70
2074-06-28,0,0,0,0,0,24.0,780.0,0,0,804.0,2.3468004746415552e+70
2074-07-28,0,0,0,0,0,24.0,780.0,0,0,804.0,3.0122630749851197e+70
2074-08-27,0,0,0,0,0,24.0,780.0,0,0,804.0,3.8664253441932287e+70
2074-09-26,0,0,0,0,0,24.0,780.0,0,0,804.0,4.9627952705603497e+70
2074-10-26,0,0,0,0,0,24.0,780.0,0,0,804.0,6.370053655500066e+70
2074-11-25,0,0,0,0,0,24.0,780.0,0,0,804.0,8.176356541374742e+70
2074-12-25,0,0,0,0,0,24.0,780.0,0,0,804.0,1.0494857642833059e+71
2075-01-24,0,0,0,0,0,24.0,780.0,0,0,804.0,1.3470796727855585e+71
2075-02-23,0,0,0,0,0,24.0,780.0,0,0,804.0,1.7290597991781758e+71
2075-03-25,0,0,0,0,0,24.0,780.0,0,0,804.0,2.21935483812322e+71
2075-04-24,0,0,0,0,0,24.0,780.0,0,0,804.0,2.848678744275969e+71
2075-05-24,0,0,0,0,0,24.0,780.0,0,0,804.0,3.6564547717624424e+71
2075-06-23,0,0,0,0,0,24.0,780.0,0,0,804.0,4.693285097453984e+71
2075-07-23,0,0,0,0,0,24.0,780.0,0,0,804.0,6.024120734677237e+71
2075-08-22,0,0,0,0,0,24.0,780.0,0,0,804.0,7.732330312866536e+71
2075-09-21,0,0,0,0,0,24.0,780.0,0,0,804.0,9.924922607062937e+71
2075-10-21,0,0,0,0,0,24.0,780.0,0,0,804.0,1.2739249976462976e+72
2075-11-20,0,0,0,0,0,24.0,780.0,0,0,804.0,1.6351612641021657e+72
2075-12-20,0,0,0,0,0,24.0,780.0,0,0,804.0,2.0988302800873004e+72
2076-01-19,0,0,0,0,0,24.0,780.0,0,0,804.0,2.6939780444408224e+72
2076-02-18,0,0,0,0,0,24.0,780.0,0,0,804.0,3.4578868871795213e+72
2076-03-19,0,0,0,0,0,24.0,780.0,0,0,804.0,4.438410977105769e+72
2076-04-18,0,0,0,0,0,24.0,780.0,0,0,804.0,5.696974089791926e+72
2076-05-18,0,0,0,0,0,24.0,780.0,0,0,804.0,7.31241742758224e+72
2076-06-17,0,0,0,0,0,24.0,780.0,0,0,804.0,9.385938533759669e+72
2076-07-17,0,0,0,0,0,24.0,780.0,0,0,804.0,1.2047430693332616e+73
2076-08-16,0,0,0,0,0,24.0,780.0,0,0,804.0,1.5463619944729672e+73
2076-09-15,0,0,0,0,0,24.0,780.0,0,0,804.0,1.9848509435906445e+73
2076-10-15,0,0,0,0,0,24.0,780.0,0,0,804.0,2.547678539923882e+73
2076-11-14,0,0,0,0,0,24.0,780.0,0,0,804.0,3.2701024546694214e+73
2076-12-14,0,0,0,0,0,24.0,780.0,0,0,804.0,4.197378082226367e+73
2077-01-13,0,0,0,0,0,24.0,780.0,0,0,804.0,5.3875935110220624e+73
2077-02-12,0,0,0,0,0,24.0,780.0,0,0,804.0,6.915308383325579e+73
2077-03-14,0,0,0,0,0,24.0,780.0,0,0,804.0,8.8762245961316e+73
2077-04-13,0,0,0,0,0,24.0,780.0,0,0,804.0,1.1393181433664807e+74
2077-05-13,0,0,0,0,0,24.0,780.0,0,0,804.0,1.4623850689512225e+74
2077-06-12,0,0,0,0,0,24.0,780.0,0,0,804.0,1.8770613830236926e+74
2077-07-12,0,0,0,0,0,24.0,780.0,0,0,804.0,2.4093239943742467e+74
2077-08-11,0,0,0,0,0,24.0,780.0,0,0,804.0,3.0925158667516014e+74
2077-09-10,0,0,0,0,0,24.0,780.0,0,0,804.0,3.969434749515412e+74
2077-10-10,0,0,0,0,0,24.0,780.0,0,0,804.0,5.095014192186221e+74
2077-11-09,0,0,0,0,0,24.0,780.0,0,0,804.0,6.53976479188834e+74
2077-12-09,0,0,0,0,0,24.0,780.0,0,0,804.0,8.394191246574486e+74
2078-01-08,0,0,0,0,0,24.0,780.0,0,0,804.0,1.077446191512369e+75
2078-02-07,0,0,0,0,0,24.0,780.0,0,0,804.0,1.3829686047220406e+75
2078-03-09,0,0,0,0,0,24.0,780.0,0,0,804.0,1.7751254556500714e+75
2078-04-08,0,0,0,0,0,24.0,780.0,0,0,804.0,2.278482947868653e+75
2078-05-08,0,0,0,0,0,24.0,780.0,0,0,804.0,2.9245733180177095e+75
2078-06-07,0,0,0,0,0,24.0,780.0,0,0,804.0,3.753870135592594e+75
2078-07-07,0,0,0,0,0,24.0,780.0,0,0,804.0,4.818323721986659e+75
2078-08-06,0,0,0,0,0,24.0,780.0,0,0,804.0,6.184615517125342e+75
2078-09-05,0,0,0,0,0,24.0,780.0,0,0,804.0,7.938335259652665e+75
2078-10-05,0,0,0,0,0,24.0,780.0,0,0,804.0,1.018934265519801e+76
2078-11-04,0,0,0,0,0,24.0,780.0,0,0,804.0,1.3078649408110323e+76
2078-12-04,0,0,0,0,0,24.0,780.0,0,0,804.0,1.67872527334238e+76
2079-01-03,0,0,0,0,0,24.0,780.0,0,0,804.0,2.1547473713997397e+76
2079-02-02,0,0,0,0,0,24.0,780.0,0,0,804.0,2.7657510780843234e+76
2079-03-04,0,0,0,0,0,24.0,780.0,0,0,804.0,3.550012000226043e+76
2079-04-03,0,0,0,0,0,24.0,780.0,0,0,804.0,4.5566592386463047e+76
2079-05-03,0,0,0,0,0,24.0,780.0,0,0,804.0,5.848753022755599e+76
2079-06-02,0,0,0,0,0,24.0,780.0,0,0,804.0,7.507235044276707e+76
2079-07-02,0,0,0,0,0,24.0,780.0,0,0,804.0,9.635998954092156e+76
2079-08-01,0,0,0,0,0,24.0,780.0,0,0,804.0,1.2368398657512808e+77
2079-08-31,0,0,0,0,0,24.0,780.0,0,0,804.0,1.5875602112451372e+77
2079-09-30,0,0,0,0,0,24.0,780.0,0,0,804.0,2.0377313944338267e+77
2079-10-30,0,0,0,0,0,24.0,780.0,0,0,804.0,2.615553858334926e+77
2079-11-29,0,0,0,0,0,24.0,780.0,0,0,804.0,3.3572246099449663e+77
2079-12-29,0,0,0,0,0,24.0,780.0,0,0,804.0,4.309204739066347e+77
2080-01-28,0,0,0,0,0,24.0,780.0,0,0,804.0,5.531129918500229e+77
2080-02-27,0,0,0,0,0,24.0,780.0,0,0,804.0,7.099546210458514e+77
2080-03-28,0,0,0,0,0,24.0,780.0,0,0,804.0,9.112705204383051e+77
2080-04-27,0,0,0,0,0,24.0,780.0,0,0,804.0,1.1696718871927286e+78
2080-05-27,0,0,0,0,0,24.0,780.0,0,0,804.0,1.5013459702734064e+78
2080-06-26,0,0,0,0,0,24.0,780.0,0,0,804.0,1.927070101570112e+78
2080-07-26,0,0,0,0,0,24.0,780.0,0,0,804.0,2.4735132673578013e+78
2080-08-25,0,0,0,0,0,24.0,780.0,0,0,804.0,3.174906755498986e+78
2080-09-24,0,0,0,0,0,24.0,780.0,0,0,804.0,4.075188534113082e+78
2080-10-24,0,0,0,0,0,24.0,780.0,0,0,804.0,5.230755693786243e+78
2080-11-23,0,0,0,0,0,24.0,780.0,0,0,804.0,6.713997376818781e+78
2080-12-23,0,0,0,0,0,24.0,780.0,0,0,804.0,8.617829509697531e+78
2081-01-22,0,0,0,0,0,24.0,780.0,0,0,804.0,1.1061515411762448e+79
2081-02-21,0,0,0,0,0,24.0,780.0,0,0,804.0,1.4198136905234814e+79
2081-03-23,0,0,0,0,0,24.0,780.0,0,0,804.0,1.822418394548633e+79
2081-04-22,0,0,0,0,0,24.0,780.0,0,0,804.0,2.3391863502631082e+79
2081-05-22,0,0,0,0,0,24.0,780.0,0,0,804.0,3.0024898769815513e+79
2081-06-21,0,0,0,0,0,24.0,780.0,0,0,804.0,3.8538808420982377e+79
2081-07-21,0,0,0,0,0,24.0,780.0,0,0,804.0,4.9466936288302036e+79
2081-08-20,0,0,0,0,0,24.0,780.0,0,0,804.0,6.349386205772467e+79
2081-09-19,0,0,0,0,0,24.0,780.0,0,0,804.0,8.149828595628495e+79
2081-10-19,0,0,0,0,0,24.0,780.0,0,0,804.0,1.0460807389183425e+80
2081-11-18,0,0,0,0,0,24.0,780.0,0,0,804.0,1.3427091128308038e+80
2081-12-18,0,0,0,0,0,24.0,780.0,0,0,804.0,1.7234499160581688e+80
2082-01-17,0,0,0,0,0,24.0,780.0,0,0,804.0,2.2121542073239782e+80
2082-02-16,0,0,0,0,0,24.0,780.0,0,0,804.0,2.8394362907706405e+80
2082-03-18,0,0,0,0,0,24.0,780.0,0,0,804.0,3.6445915129480685e+80
2082-04-17,0,0,0,0,0,24.0,780.0,0,0,804.0,4.678057873468959e+80
2082-05-17,0,0,0,0,0,24.0,780.0,0,0,804.0,6.004575654027965e+80
2082-06-16,0,0,0,0,0,24.0,780.0,0,0,804.0,7.707242997019456e+80
2082-07-16,0,0,0,0,0,24.0,780.0,0,0,804.0,9.892721490694836e+80
2082-08-15,0,0,0,0,0,24.0,780.0,0,0,804.0,1.2697917858604194e+81
2082-09-14,0,0,0,0,0,24.0,780.0,0,0,804.0,1.629856031987963e+81
2082-10-14,0,0,0,0,0,24.0,780.0,0,0,804.0,2.0920206876338646e+81
2082-11-13,0,0,0,0,0,24.0,780.0,0,0,804.0,2.68523751275744e+81
2082-12-13,0,0,0,0,0,24.0,780.0,0,0,804.0,3.4466678759640016e+81
2083-01-12,0,0,0,0,0,24.0,780.0,0,0,804.0,4.4240106846277664e+81
2083-02-11,0,0,0,0,0,24.0,780.0,0,0,804.0,5.678490426707146e+81
2083-03-13,0,0,0,0,0,24.0,780.0,0,0,804.0,7.288692506609036e+81
2083-04-12,0,0,0,0,0,24.0,780.0,0,0,804.0,9.355486135195435e+81
2083-05-12,0,0,0,0,0,24.0,780.0,0,0,804.0,1.200834316257277e+82
2083-06-11,0,0,0,0,0,24.0,780.0,0,0,804.0,1.541344868949409e+82
2083-07-11,0,0,0,0,0,24.0,780.0,0,0,804.0,1.9784111537062962e+82
2083-08-10,0,0,0,0,0,24.0,780.0,0,0,804.0,2.539412672633972e+82
2083-09-09,0,0,0,0,0,24.0,780.0,0,0,804.0,3.2594927044630574e+82
2083-10-09,0,0,0,0,0,24.0,780.0,0,0,804.0,4.183759813810801e+82
2083-11-08,0,0,0,0,0,24.0,780.0,0,0,804.0,5.3701136240283845e+82
2083-12-08,0,0,0,0,0,24.0,780.0,0,0,804.0,6.892871870841912e+82
2084-01-07,0,0,0,0,0,24.0,780.0,0,0,804.0,8.847425949286126e+82
2084-02-06,0,0,0,0,0,24.0,780.0,0,0,804.0,1.1356216595179588e+83
2084-03-07,0,0,0,0,0,24.0,780.0,0,0,804.0,1.4576404040662018e+83
2084-04-06,0,0,0,0,0,24.0,780.0,0,0,804.0,1.870971313164426e+83
2084-05-06,0,0,0,0,0,24.0,780.0,0,0,804.0,2.4015070142946125e+83
2084-06-05,0,0,0,0,0,24.0,780.0,0,0,804.0,3.082482290950756e+83
2084-07-05,0,0,0,0,0,24.0,780.0,0,0,804.0,3.9565560364669294e+83
2084-08-04,0,0,0,0,0,24.0,780.0,0,0,804.0,5.078483570095223e+83
2084-09-03,0,0,0,0,0,24.0,780.0,0,0,804.0,6.518546719423595e+83
2084-10-03,0,0,0,0,0,24.0,780.0,0,0,804.0,8.366956542602615e+83
2084-11-02,0,0,0,0,0,24.0,780.0,0,0,804.0,1.0739504493724177e+84
2084-12-02,0,0,0,0,0,24.0,780.0,0,0,804.0,1.3784816041944595e+84
2085-01-01,0,0,0,0,0,24.0,780.0,0,0,804.0,1.769366113876998e+84
2085-01-31,0,0,0,0,0,24.0,780.0,0,0,804.0,2.271090477674996e+84
2085-03-02,0,0,0,0,0,24.0,780.0,0,0,804.0,2.9150846268239333e+84
2085-04-01,0,0,0,0,0,24.0,780.0,0,0,804.0,3.7416908155260623e+84
2085-05-01,0,0,0,0,0,24.0,780.0,0,0,804.0,4.802690813901261e+84
2085-05-31,0,0,0,0,0,24.0,780.0,0,0,804.0,6.164549715925317e+84
2085-06-30,0,0,0,0,0,24.0,780.0,0,0,804.0,7.912579566879482e+84
2085-07-30,0,0,0,0,0,24.0,780.0,0,0,804.0,1.0156283635843936e+85
2085-08-29,0,0,0,0,0,24.0,780.0,0,0,804.0,1.3036216118884615e+85
2085-09-28,0,0,0,0,0,24.0,780.0,0,0,804.0,1.6732786990951897e+85
2085-10-28,0,0,0,0,0,24.0,780.0,0,0,804.0,2.1477563576057434e+85
2085-11-27,0,0,0,0,0,24.0,780.0,0,0,804.0,2.756777680926824e+85
2085-12-27,0,0,0,0,0,24.0,780.0,0,0,804.0,3.538494091819773e+85
2086-01-26,0,0,0,0,0,24.0,780.0,0,0,804.0,4.541875293198804e+85
2086-02-25,0,0,0,0,0,24.0,780.0,0,0,804.0,5.8297769174346295e+85
2086-03-27,0,0,0,0,0,24.0,780.0,0,0,804.0,7.482878043337326e+85
2086-04-26,0,0,0,0,0,24.0,780.0,0,0,804.0,9.604735241927499e+85
2086-05-26,0,0,0,0,0,24.0,780.0,0,0,804.0,1.2328269755734338e+86
2086-06-25,0,0,0,0,0,24.0,780.0,0,0,804.0,1.582409419331928e+86
2086-07-25,0,0,0,0,0,24.0,780.0,0,0,804.0,2.0311200354986529e+86
2086-08-24,0,0,0,0,0,24.0,780.0,0,0,804.0,2.6070677715921063e+86
2086-09-23,0,0,0,0,0,24.0,780.0,0,0,804.0,3.3463321944956214e+86
2086-10-23,0,0,0,0,0,24.0,780.0,0,0,804.0,4.295223652386846e+86
2086-11-22,0,0,0,0,0,24.0,780.0,0,0,804.0,5.51318433189928e+86
2086-12-22,0,0,0,0,0,24.0,780.0,0,0,804.0,7.076511943821405e+86
2087-01-21,0,0,0,0,0,24.0,780.0,0,0,804.0,9.083139303233776e+86
2087-02-20,0,0,0,0,0,24.0,780.0,0,0,804.0,1.1658769215246642e+87
2087-03-22,0,0,0,0,0,24.0,780.0,0,0,804.0,1.4964748979022059e+87
2087-04-21,0,0,0,0,0,24.0,780.0,0,0,804.0,1.9208177799100917e+87
2087-05-21,0,0,0,0,0,24.0,780.0,0,0,804.0,2.4654880270900765e+87
2087-06-20,0,0,0,0,0,24.0,780.0,0,0,804.0,3.1646058649087694e+87
2087-07-20,0,0,0,0,0,24.0,780.0,0,0,804.0,4.061966706054133e+87
2087-08-19,0,0,0,0,0,24.0,780.0,0,0,804.0,5.213784662428387e+87
2087-09-18,0,0,0,0,0,24.0,780.0,0,0,804.0,6.692214011911505e+87
2087-10-18,0,0,0,0,0,24.0,780.0,0,0,804.0,8.589869218028876e+87
2087-11-17,0,0,0,0,0,24.0,780.0,0,0,804.0,1.1025626653826105e+88
2087-12-17,0,0,0,0,0,24.0,780.0,0,0,804.0,1.4152071472102823e+88
2088-01-16,0,0,0,0,0,24.0,780.0,0,0,804.0,1.816505612241143e+88
2088-02-15,0,0,0,0,0,24.0,780.0,0,0,804.0,2.3315969296848644e+88
2088-03-16,0,0,0,0,0,24.0,780.0,0,0,804.0,2.9927483878283808e+88
2088-04-15,0,0,0,0,0,24.0,780.0,0,0,804.0,3.841377040267387e+88
2088-05-15,0,0,0,0,0,24.0,780.0,0,0,804.0,4.930644228398003e+88
2088-06-14,0,0,0,0,0,24.0,780.0,0,0,804.0,6.328785810971135e+88
2088-07-14,0,0,0,0,0,24.0,780.0,0,0,804.0,8.123386719013635e+88
2088-08-13,0,0,0,0,0,24.0,780.0,0,0,804.0,1.0426867610569556e+89
2088-09-12,0,0,0,0,0,24.0,780.0,0,0,804.0,1.3383527330279004e+89
2088-10-12,0,0,0,0,0,24.0,780.0,0,0,804.0,1.7178582340371818e+89
2088-11-11,0,0,0,0,0,24.0,780.0,0,0,804.0,2.2049769387573142e+89
2088-12-11,0,0,0,0,0,24.0,780.0,0,0,804.0,2.830223824130964e+89
2089-01-10,0,0,0,0,0,24.0,780.0,0,0,804.0,3.6327667441242644e+89
2089-02-09,0,0,0,0,0,24.0,780.0,0,0,804.0,4.662880053759501e+89
2089-03-11,0,0,0,0,0,24.0,780.0,0,0,804.0,5.985093986811854e+89
2089-04-10,0,0,0,0,0,24.0,780.0,0,0,804.0,7.682237076222887e+89
2089-05-10,0,0,0,0,0,24.0,780.0,0,0,804.0,9.860624849891569e+89
2089-06-09,0,0,0,0,0,24.0,780.0,0,0,804.0,1.265671984157315e+90
2089-07-09,0,0,0,0,0,24.0,780.0,0,0,804.0,1.6245680125416497e+90
2089-08-08,0,0,0,0,0,24.0,780.0,0,0,804.0,2.0852331887007202e+90
2089-09-07,0,0,0,0,0,24.0,780.0,0,0,804.0,2.6765253394692807e+90
2089-10-07,0,0,0,0,0,24.0,780.0,0,0,804.0,3.435485264496871e+90
2089-11-06,0,0,0,0,0,24.0,780.0,0,0,804.0,4.409657113470641e+90
2089-12-06,0,0,0,0,0,24.0,780.0,0,0,804.0,5.660066733317796e+90
2090-01-05,0,0,0,0,0,24.0,780.0,0,0,804.0,7.265044560436677e+90
2090-02-04,0,0,0,0,0,24.0,780.0,0,0,804.0,9.325132538533104e+90
2090-03-06,0,0,0,0,0,24.0,780.0,0,0,804.0,1.1969382450144546e+91
2090-04-05,0,0,0,0,0,24.0,780.0,0,0,804.0,1.5363440213404711e+91
2090-05-05,0,0,0,0,0,24.0,780.0,0,0,804.0,1.9719922575287967e+91
2090-06-04,0,0,0,0,0,24.0,780.0,0,0,804.0,2.5311736237047704e+91
2090-07-04,0,0,0,0,0,24.0,780.0,0,0,804.0,3.2489173772758492e+91
2090-08-03,0,0,0,0,0,24.0,780.0,0,0,804.0,4.170185729462289e+91
2090-09-02,0,0,0,0,0,24.0,780.0,0,0,804.0,5.352690450008445e+91
2090-10-02,0,0,0,0,0,24.0,780.0,0,0,804.0,6.870508152956044e+91
2090-11-01,0,0,0,0,0,24.0,780.0,0,0,804.0,8.818720738794264e+91
2090-12-01,0,0,0,0,0,24.0,780.0,0,0,804.0,1.1319371688014008e+92
2090-12-31,0,0,0,0,0,24.0,780.0,0,0,804.0,1.4529111331053598e+92
2091-01-30,0,0,0,0,0,24.0,780.0,0,0,804.0,1.8649010023557837e+92
2091-03-01,0,0,0,0,0,24.0,780.0,0,0,804.0,2.3937153961744785e+92
2091-03-31,0,0,0,0,0,24.0,780.0,0,0,804.0,3.072481268788337e+92
2091-04-30,0,0,0,0,0,24.0,780.0,0,0,804.0,3.943719108020099e+92
2091-05-30,0,0,0,0,0,24.0,780.0,0,0,804.0,5.062006581116209e+92
2091-06-29,0,0,0,0,0,24.0,780.0,0,0,804.0,6.497397488364229e+92
2091-07-29,0,0,0,0,0,24.0,780.0,0,0,804.0,8.339810200818196e+92
2091-08-28,0,0,0,0,0,24.0,780.0,0,0,804.0,1.0704660490639245e+93
2091-09-27,0,0,0,0,0,24.0,780.0,0,0,804.0,1.3740091616067086e+93
2091-10-27,0,0,0,0,0,24.0,780.0,0,0,804.0,1.763625458117104e+93
2091-11-26,0,0,0,0,0,24.0,780.0,0,0,804.0,2.263721992131132e+93
2091-12-26,0,0,0,0,0,24.0,780.0,0,0,804.0,2.905626721406672e+93
2092-01-25,0,0,0,0,0,24.0,780.0,0,0,804.0,3.7295510109014407e+93
2092-02-24,0,0,0,0,0,24.0,780.0,0,0,804.0,4.787108626321438e+93
2092-03-25,0,0,0,0,0,24.0,780.0,0,0,804.0,6.144549017620805e+93
2092-04-24,0,0,0,0,0,24.0,780.0,0,0,804.0,7.886907437685882e+93
2092-05-24,0,0,0,0,0,24.0,780.0,0,0,804.0,1.012333187549544e+94
2092-06-23,0,0,0,0,0,24.0,780.0,0,0,804.0,1.2993920503204422e+94
2092-07-23,0,0,0,0,0,24.0,780.0,0,0,804.0,1.6678497960962387e+94
2092-08-22,0,0,0,0,0,24.0,780.0,0,0,804.0,2.1407880259481858e+94
2092-09-21,0,0,0,0,0,24.0,780.0,0,0,804.0,2.7478333976896574e+94
2092-10-21,0,0,0,0,0,24.0,780.0,0,0,804.0,3.527013552924944e+94
2092-11-20,0,0,0,0,0,24.0,780.0,0,0,804.0,4.527139313822839e+94
2092-12-20,0,0,0,0,0,24.0,780.0,0,0,804.0,5.810862379523287e+94
2093-01-19,0,0,0,0,0,24.0,780.0,0,0,804.0,7.458600067963452e+94
2093-02-18,0,0,0,0,0,24.0,780.0,0,0,804.0,9.573572963947609e+94
2093-03-20,0,0,0,0,0,24.0,780.0,0,0,804.0,1.2288271050984808e+95
2093-04-19,0,0,0,0,0,24.0,780.0,0,0,804.0,1.5772753390099676e+95
2093-05-19,0,0,0,0,0,24.0,780.0,0,0,804.0,2.024530126921013e+95
2093-06-18,0,0,0,0,0,24.0,780.0,0,0,804.0,2.598609217705465e+95
2093-07-18,0,0,0,0,0,24.0,780.0,0,0,804.0,3.335475119164412e+95
2093-08-17,0,0,0,0,0,24.0,780.0,0,0,804.0,4.2812879269274717e+95
2093-09-16,0,0,0,0,0,24.0,780.0,0,0,804.0,5.495296969220604e+95
2093-10-16,0,0,0,0,0,24.0,780.0,0,0,804.0,7.053552411177679e+95
2093-11-15,0,0,0,0,0,24.0,780.0,0,0,804.0,9.053669327771898e+95
2093-12-15,0,0,0,0,0,24.0,780.0,0,0,804.0,1.1620942685098998e+96
2094-01-14,0,0,0,0,0,24.0,780.0,0,0,804.0,1.4916196295805152e+96
2094-02-13,0,0,0,0,0,24.0,780.0,0,0,804.0,1.9145857437218395e+96
2094-03-15,0,0,0,0,0,24.0,780.0,0,0,804.0,2.4574888244758403e+96
2094-04-14,0,0,0,0,0,24.0,780.0,0,0,804.0,3.1543383952518664e+96
2094-05-14,0,0,0,0,0,24.0,780.0,0,0,804.0,4.048787775823286e+96
2094-06-13,0,0,0,0,0,24.0,780.0,0,0,804.0,5.196868693077286e+96
2094-07-13,0,0,0,0,0,24.0,780.0,0,0,804.0,6.670501322484133e+96
2094-08-12,0,0,0,0,0,24.0,780.0,0,0,804.0,8.561999642695387e+96
2094-09-11,0,0,0,0,0,24.0,780.0,0,0,804.0,1.098985433589805e+97
2094-10-11,0,0,0,0,0,24.0,780.0,0,0,804.0,1.410615549689928e+97
2094-11-10,0,0,0,0,0,24.0,780.0,0,0,804.0,1.8106120137800854e+97
2094-12-10,0,0,0,0,0,24.0,780.0,0,0,804.0,2.3240321327560822e+97
2095-01-09,0,0,0,0,0,24.0,780.0,0,0,804.0,2.9830385046471906e+97
2095-02-08,0,0,0,0,0,24.0,780.0,0,0,804.0,3.828913806649887e+97
2095-03-10,0,0,0,0,0,24.0,780.0,0,0,804.0,4.914646899768416e+97
2095-04-09,0,0,0,0,0,24.0,780.0,0,0,804.0,6.308252253538364e+97
2095-05-09,0,0,0,0,0,24.0,780.0,0,0,804.0,8.097030632281435e+97
2095-06-08,0,0,0,0,0,24.0,780.0,0,0,804.0,1.03930379485585e+98
2095-07-08,0,0,0,0,0,24.0,780.0,0,0,804.0,1.3340104873697691e+98
2095-08-07,0,0,0,0,0,24.0,780.0,0,0,804.0,1.7122846940622927e+98
2095-09-06,0,0,0,0,0,24.0,780.0,0,0,804.0,2.197822956625162e+98
2095-10-06,0,0,0,0,0,24.0,780.0,0,0,804.0,2.821041247065448e+98
2095-11-05,0,0,0,0,0,24.0,780.0,0,0,804.0,3.620980340411404e+98
2095-12-05,0,0,0,0,0,24.0,780.0,0,0,804.0,4.647751478034912e+98
2096-01-04,0,0,0,0,0,24.0,780.0,0,0,804.0,5.965675527285907e+98
2096-02-03,0,0,0,0,0,24.0,780.0,0,0,804.0,7.657312286393007e+98
2096-03-04,0,0,0,0,0,24.0,780.0,0,0,804.0,9.82863234568527e+98
2096-04-03,0,0,0,0,0,24.0,780.0,0,0,804.0,1.2615655490283697e+99
2096-05-03,0,0,0,0,0,24.0,780.0,0,0,804.0,1.6192971499172361e+99
2096-06-02,0,0,0,0,0,24.0,780.0,0,0,804.0,2.0784677116060963e+99
2096-07-02,0,0,0,0,0,24.0,780.0,0,0,804.0,2.667841432568373e+99
2096-08-01,0,0,0,0,0,24.0,780.0,0,0,804.0,3.4243389346802265e+99
2096-08-31,0,0,0,0,0,24.0,780.0,0,0,804.0,4.395350112048455e+99
2096-09-30,0,0,0,0,0,24.0,780.0,0,0,804.0,5.641702815053975e+99
2096-10-30,0,0,0,0,0,24.0,780.0,0,0,804.0,7.241473339322706e+99
2096-11-29,0,0,0,0,0,24.0,780.0,0,0,804.0,9.294877423212844e+99
2096-12-29,0,0,0,0,0,24.0,780.0,0,0,804.0,1.1930548144589638e+100
2097-01-28,0,0,0,0,0,24.0,780.0,0,0,804.0,1.531359398832944e+100
2097-02-27,0,0,0,0,0,24.0,780.0,0,0,804.0,1.965594187269135e+100
2097-03-29,0,0,0,0,0,24.0,780.0,0,0,804.0,2.5229613061249035e+100
2097-04-28,0,0,0,0,0,24.0,780.0,0,0,804.0,3.238376361423335e+100
2097-05-28,0,0,0,0,0,24.0,780.0,0,0,804.0,4.156655685826938e+100
2097-06-27,0,0,0,0,0,24.0,780.0,0,0,804.0,5.335323804958686e+100
2097-07-27,0,0,0,0,0,24.0,780.0,0,0,804.0,6.8482169934880665e+100
2097-08-26,0,0,0,0,0,24.0,780.0,0,0,804.0,8.790108661504546e+100
2097-09-25,0,0,0,0,0,24.0,780.0,0,0,804.0,1.1282646323054465e+101
2097-10-25,0,0,0,0,0,24.0,780.0,0,0,804.0,1.448197206123566e+101
2097-11-24,0,0,0,0,0,24.0,780.0,0,0,804.0,1.8588503864901118e+101
2097-12-24,0,0,0,0,0,24.0,780.0,0,0,804.0,2.3859490577277188e+101
2098-01-23,0,0,0,0,0,24.0,780.0,0,0,804.0,3.062512694645031e+101
2098-02-22,0,0,0,0,0,24.0,780.0,0,0,804.0,3.93092382860602e+101
2098-03-24,0,0,0,0,0,24.0,780.0,0,0,804.0,5.045583051238138e+101
2098-04-23,0,0,0,0,0,24.0,780.0,0,0,804.0,6.47631687535635e+101
2098-05-23,0,0,0,0,0,24.0,780.0,0,0,804.0,8.31275193453274e+101
2098-06-22,0,0,0,0,0,24.0,780.0,0,0,804.0,1.0669929537886544e+102
2098-07-22,0,0,0,0,0,24.0,780.0,0,0,804.0,1.3695512297259852e+102
2098-08-21,0,0,0,0,0,24.0,780.0,0,0,804.0,1.7579034277441754e+102
2098-09-20,0,0,0,0,0,24.0,780.0,0,0,804.0,2.2563774134195786e+102
2098-10-20,0,0,0,0,0,24.0,780.0,0,0,804.0,2.8961995018823907e+102
2098-11-19,0,0,0,0,0,24.0,780.0,0,0,804.0,3.717450593512055e+102
2098-12-19,0,0,0,0,0,24.0,780.0,0,0,804.0,4.771576994686022e+102
2099-01-18,0,0,0,0,0,24.0,780.0,0,0,804.0,6.124613210987401e+102
2099-02-17,0,0,0,0,0,24.0,780.0,0,0,804.0,7.861318600952321e+102
2099-03-19,0,0,0,0,0,24.0,780.0,0,0,804.0,1.009048702615387e+103
2099-04-18,0,0,0,0,0,24.0,780.0,0,0,804.0,1.2951762114392024e+103
2099-05-18,0,0,0,0,0,24.0,780.0,0,0,804.0,1.6624385070116885e+103
2099-06-17,0,0,0,0,0,24.0,780.0,0,0,804.0,2.133842302835551e+103
2099-07-17,0,0,0,0,0,24.0,780.0,0,0,804.0,2.738918133913577e+103
2099-08-16,0,0,0,0,0,24.0,780.0,0,0,804.0,3.51557026229729e+103
2099-09-15,0,0,0,0,0,24.0,780.0,0,0,804.0,4.512451144893919e+103
2099-10-15,0,0,0,0,0,24.0,780.0,0,0,804.0,5.792009209267948e+103
2099-11-14,0,0,0,0,0,24.0,780.0,0,0,804.0,7.434400861758996e+103
2099-12-14,0,0,0,0,0,24.0,780.0,0,0,804.0,9.5425117910523e+103
2100-01-13,0,0,0,0,0,24.0,780.0,0,0,804.0,1.2248402120843842e+104
2100-02-12,0,0,0,0,0,24.0,780.0,0,0,804.0,1.5721579160589974e+104
2100-03-14,0,0,0,0,0,24.0,780.0,0,0,804.0,2.017961599105864e+104
2100-04-13,0,0,0,0,0,24.0,780.0,0,0,804.0,2.5901781073454718e+104
2100-05-13,0,0,0,0,0,24.0,780.0,0,0,804.0,3.3246532692913796e+104
2100-06-12,0,0,0,0,0,24.0,780.0,0,0,804.0,4.2673974155150993e+104
2100-07-12,0,0,0,0,0,24.0,780.0,0,0,804.0,5.477467641558422e+104
2100-08-11,0,0,0,0,0,24.0,780.0,0,0,804.0,7.030667370055125e+104
2100-09-10,0,0,0,0,0,24.0,780.0,0,0,804.0,9.024294966769387e+104
2100-10-10,0,0,0,0,0,24.0,780.0,0,0,804.0,1.1583238882003994e+105
2100-11-09,0,0,0,0,0,24.0,780.0,0,0,804.0,1.4867801140325673e+105
2100-12-09,0,0,0,0,0,24.0,780.0,0,0,804.0,1.9083739271897475e+105
2101-01-08,0,0,0,0,0,24.0,780.0,0,0,804.0,2.449515575036703e+105
2101-02-07,0,0,0,0,0,24.0,780.0,0,0,804.0,3.144104238095056e+105
2101-03-09,0,0,0,0,0,24.0,780.0,0,0,804.0,4.0356516042398185e+105
2101-04-08,0,0,0,0,0,24.0,780.0,0,0,804.0,5.180007607085904e+105
2101-05-08,0,0,0,0,0,24.0,780.0,0,0,804.0,6.648859079232181e+105
2101-06-07,0,0,0,0,0,24.0,780.0,0,0,804.0,8.534220489370622e+105
2101-07-07,0,0,0,0,0,24.0,780.0,0,0,804.0,1.0954198080192153e+106
2101-08-06,0,0,0,0,0,24.0,780.0,0,0,804.0,1.4060388494712394e+106
2101-09-05,0,0,0,0,0,24.0,780.0,0,0,804.0,1.8047375369240428e+106
2101-10-05,0,0,0,0,0,24.0,780.0,0,0,804.0,2.316491879586066e+106
2101-11-04,0,0,0,0,0,24.0,780.0,0,0,804.0,2.9733601248933474e+106
2101-12-04,0,0,0,0,0,24.0,780.0,0,0,804.0,3.816491009623379e+106
2102-01-03,0,0,0,0,0,24.0,780.0,0,0,804.0,4.898701473996036e+106
2102-02-02,0,0,0,0,0,24.0,780.0,0,0,804.0,6.287785316622309e+106
2102-03-04,0,0,0,0,0,24.0,780.0,0,0,804.0,8.070760057089183e+106
2102-04-03,0,0,0,0,0,24.0,780.0,0,0,804.0,1.0359318045880226e+107
2102-05-03,0,0,0,0,0,24.0,780.0,0,0,804.0,1.3296823299985988e+107
2102-06-02,0,0,0,0,0,24.0,780.0,0,0,804.0,1.706729237272174e+107
2102-07-02,0,0,0,0,0,24.0,780.0,0,0,804.0,2.1906921853753796e+107
2102-08-01,0,0,0,0,0,24.0,780.0,0,0,804.0,2.8118884625982613e+107
2102-08-31,0,0,0,0,0,24.0,780.0,0,0,804.0,3.6092321773350285e+107
2102-09-30,0,0,0,0,0,24.0,780.0,0,0,804.0,4.63267198652455e+107
2102-10-30,0,0,0,0,0,24.0,780.0,0,0,804.0,5.946320070374662e+107
2102-11-29,0,0,0,0,0,24.0,780.0,0,0,804.0,7.632468364302821e+107
2102-12-29,0,0,0,0,0,24.0,780.0,0,0,804.0,9.796743640207867e+107
2103-01-28,0,0,0,0,0,24.0,780.0,0,0,804.0,1.257472437106133e+108
2103-02-27,0,0,0,0,0,24.0,780.0,0,0,804.0,1.614043388449927e+108
2103-03-29,0,0,0,0,0,24.0,780.0,0,0,804.0,2.0717241849007968e+108
2103-04-28,0,0,0,0,0,24.0,780.0,0,0,804.0,2.659185700345269e+108
2103-05-28,0,0,0,0,0,24.0,780.0,0,0,804.0,3.4132287687993385e+108
2103-06-27,0,0,0,0,0,24.0,780.0,0,0,804.0,4.3810895292670963e+108
2103-07-27,0,0,0,0,0,24.0,780.0,0,0,804.0,5.623398477977081e+108
2103-08-26,0,0,0,0,0,24.0,780.0,0,0,804.0,7.217978594334966e+108
2103-09-25,0,0,0,0,0,24.0,780.0,0,0,804.0,9.26472046971488e+108
2103-10-25,0,0,0,0,0,24.0,780.0,0,0,804.0,1.1891839835784716e+109
2103-11-24,0,0,0,0,0,24.0,780.0,0,0,804.0,1.5263909487849698e+109
2103-12-24,0,0,0,0,0,24.0,780.0,0,0,804.0,1.959216875358242e+109
2104-01-23,0,0,0,0,0,24.0,780.0,0,0,804.0,2.514775633165305e+109
2104-02-22,0,0,0,0,0,24.0,780.0,0,0,804.0,3.227869545583412e+109
2104-03-23,0,0,0,0,0,24.0,780.0,0,0,804.0,4.143169540015968e+109
2104-04-22,0,0,0,0,0,24.0,780.0,0,0,804.0,5.318013505472551e+109
2104-05-22,0,0,0,0,0,24.0,780.0,0,0,804.0,6.825998157024357e+109
2104-06-21,0,0,0,0,0,24.0,780.0,0,0,804.0,8.761589415249072e+109
2104-07-21,0,0,0,0,0,24.0,780.0,0,0,804.0,1.1246040112449836e+110
2104-08-20,0,0,0,0,0,24.0,780.0,0,0,804.0,1.4434985733377392e+110
2104-09-19,0,0,0,0,0,24.0,780.0,0,0,804.0,1.8528194016677556e+110
2104-10-19,0,0,0,0,0,24.0,780.0,0,0,804.0,2.3782079169351878e+110
2104-11-18,0,0,0,0,0,24.0,780.0,0,0,804.0,3.0525764632442066e+110
2104-12-18,0,0,0,0,0,24.0,780.0,0,0,804.0,3.918170063095646e+110
2105-01-17,0,0,0,0,0,24.0,780.0,0,0,804.0,5.029212807014548e+110
2105-02-16,0,0,0,0,0,24.0,780.0,0,0,804.0,6.455304657770728e+110
2105-03-18,0,0,0,0,0,24.0,780.0,0,0,804.0,8.285781457987908e+110
2105-04-17,0,0,0,0,0,24.0,780.0,0,0,804.0,1.063531126867763e+111
2105-05-17,0,0,0,0,0,24.0,780.0,0,0,804.0,1.3651077614727313e+111
2105-06-16,0,0,0,0,0,24.0,780.0,0,0,804.0,1.7521999623286975e+111
2105-07-16,0,0,0,0,0,24.0,780.0,0,0,804.0,2.2490566639753283e+111
2105-08-15,0,0,0,0,0,24.0,780.0,0,0,804.0,2.88680286869162e+111
2105-09-14,0,0,0,0,0,24.0,780.0,0,0,804.0,3.705389435567189e+111
2105-10-14,0,0,0,0,0,24.0,780.0,0,0,804.0,4.756095754967748e+111
2105-11-13,0,0,0,0,0,24.0,780.0,0,0,804.0,6.104742085486e+111
2105-12-13,0,0,0,0,0,24.0,780.0,0,0,804.0,7.835812786438879e+111
2106-01-12,0,0,0,0,0,24.0,780.0,0,0,804.0,1.005774874094963e+112
2106-02-11,0,0,0,0,0,24.0,780.0,0,0,804.0,1.2909740507218908e+112
2106-03-13,0,0,0,0,0,24.0,780.0,0,0,804.0,1.6570447746937146e+112
2106-04-12,0,0,0,0,0,24.0,780.0,0,0,804.0,2.126919114915083e+112
2106-05-12,0,0,0,0,0,24.0,780.0,0,0,804.0,2.7300317954457983e+112
2106-06-11,0,0,0,0,0,24.0,780.0,0,0,804.0,3.504164099085908e+112
2106-07-11,0,0,0,0,0,24.0,780.0,0,0,804.0,4.49781063129246e+112
2106-08-10,0,0,0,0,0,24.0,780.0,0,0,804.0,5.773217207563062e+112
2106-09-09,0,0,0,0,0,24.0,780.0,0,0,804.0,7.4102801691597104e+112
2106-10-09,0,0,0,0,0,24.0,780.0,0,0,804.0,9.511551395209107e+112
2106-11-08,0,0,0,0,0,24.0,780.0,0,0,804.0,1.2208662544261552e+113
2106-12-08,0,0,0,0,0,24.0,780.0,0,0,804.0,1.5670570964346676e+113
2107-01-07,0,0,0,0,0,24.0,780.0,0,0,804.0,2.0114143826839502e+113
2107-02-06,0,0,0,0,0,24.0,780.0,0,0,804.0,2.581774351472413e+113
2107-03-08,0,0,0,0,0,24.0,780.0,0,0,804.0,3.313866530588563e+113
2107-04-07,0,0,0,0,0,24.0,780.0,0,0,804.0,4.253551971454087e+113
2107-05-07,0,0,0,0,0,24.0,780.0,0,0,804.0,5.4596961606198345e+113
2107-06-06,0,0,0,0,0,24.0,780.0,0,0,804.0,7.007856578768199e+113
